  0
  0
  0
  0
 84
108
 89
 82
 79
 92
 97
 88
 86
 85
 82
 89
 72
 88
 80
 90
 81
 97
 95
 76
100
 90
 85
 81
 77
 58
 80
 60
 68
 74
 71
 56
 78
 64
 64
 60
 68
 71
 70
 59
 60
 49
 56
 41
 54
 46
 68
 59
 54
 52
 50
 56
 56
 56
 53
 41
 61
 61
 48
 62
 43
 52
 52
 49
 36
 45
 46
 37
 45
 41
 49
 51
 46
 49
 50
 37
 42
 53
 41
 35
 38
 49
 45
 48
 41
 43
 42
 42
 38
 35
 31
 36
 36
 29
 32
 35
 42
 29
 24
 33
 30
 34
 32
 36
 21
 35
 32
 29
 25
 28
 35
 18
 21
 35
 26
 27
 27
 25
 20
 33
 26
 32
 28
 22
 33
 32
 34
 33
 22
 19
 20
 25
 21
 27
 11
 33
 22
 24
 24
 29
 18
 18
 23
 18
 19
 19
 18
 16
 28
 22
 29
 23
 21
 18
 23
 29
 24
 23
 12
 15
  8
 16
 13
 23
 22
 23
 18
 16
 14
 11
 19
 17
 24
 24
 17
 11
 16
 14
 19
 13
 12
 17
 16
 18
 15
 11
 18
 12
 15
 18
  9
 15
 12
 11
 19
 22
 14
 14
  8
 13
 22
  9
 12
 14
 14
 10
 12
 13
 12
 11
  8
 12
  8
  8
 11
  8
  9
  8
 15
 12
  7
  8
 12
 10
  9
  8
 11
 11
 18
 11
 11
  5
  8
 11
  4
 12
 10
  7
 12
 11
  9
  8
  8
  9
 10
  9
 11
  6
  8
 12
  6
 11
  5
 10
  7
  6
  9
 11
  4
 15
  5
  7
  4
  6
  6
  4
  3
  9
  9
  5
  6
 10
  3
  5
  7
  6
  8
  9
  5
  3
  6
  2
  9
  3
  6
  7
  3
  7
  6
  6
  9
  5
 10
 10
  4
  2
  2
  2
  4
  2
  4
  8
  6
  7
  4
  7
  3
  5
  4
  9
  2
  4
  4
 10
  4
  2
  5
  4
  5
  4
  8
  3
  2
  3
  7
  1
  4
  4
  5
  7
  1
  1
  3
  4
  4
  5
  5
  3
  5
  3
  1
  4
  2
  4
  3
  2
  2
  6
  4
  8
  3
  3
  3
  3
  4
  4
  4
  7
  5
  1
  5
  4
  3
  2
  2
  2
  1
  1
  1
  1
  4
  3
  5
  3
  2
  4
  7
  6
  4
  0
  1
  2
  2
  3
  1
  4
  1
  3
  1
  4
  3
  2
  5
  0
  2
  1
  3
  5
  1
  1
  1
  3
  4
  2
  1
  0
  2
  2
  2
  2
  1
  7
  2
  0
  5
  3
  4
  2
  3
  3
  6
  2
  4
  4
  3
  6
  3
  3
  2
  0
  3
  3
  0
  2
  6
  3
  3
  2
  2
  1
  2
  4
  4
  2
  1
  3
  3
  1
  2
  1
  3
  0
  0
  0
  0
  0
  0
  0
  0
  0
  0
  0
  0
  0
  0
  0
  0
  0
  0
  0
  0
  0
  0
  0
  0
  0
  0
  0
  0
  0
  0
  0
  0
  0
  0
  0
  0
  0
  0
  0
  0
  0
  0
  0
  0
  0
  0
  0
  0
  0
  0
  0
  0
  0
  0
  0
  0
  0