   0
   0
   0
   0
  73
  61
  79
  75
  62
  66
  72
  52
  75
  91
  62
  68
  60
  77
  70
  78
  82
  56
  78
  65
  60
  68
  59
  68
  58
  43
  51
  57
  51
  69
  60
  55
  54
  39
  49
  47
  51
  34
  42
  56
  51
  40
  40
  44
  48
  45
  49
  31
  43
  45
  40
  47
  40
  49
  42
  57
  29
  40
  45
  42
  54
  43
  36
  44
  43
  36
  46
  43
  38
  37
  43
  33
  44
  35
  38
  51
  34
  32
  34
  35
  35
  44
  37
  32
  29
  32
  34
  32
  39
  27
  39
  27
  25
  37
  27
  35
  22
  24
  23
  29
  26
  20
  33
  34
  25
  24
  27
  34
  25
  35
  29
  27
  21
  16
  27
  19
  29
  30
  17
  17
  16
  21
  27
  19
  17
  19
  21
  15
  27
  21
  18
  21
  23
  16
  26
  19
  23
  23
  24
  11
  25
  17
  16
  12
  24
  20
  17
  27
  16
   8
  13
  10
   6
  20
  17
  18
   9
  17
   9
  15
  15
  16
  15
  13
  13
  22
  13
  15
  15
  12
  14
  15
  13
  18
  10
  16
  11
  13
  18
  17
  13
  15
  19
  10
  11
  23
   9
  11
  10
  17
  10
   8
  12
  12
   7
   5
  12
   6
  20
   7
   9
  13
   8
   9
  15
  11
   8
  12
   8
  15
   9
   8
   9
   8
  15
   6
   9
   9
  12
  12
  10
   4
  10
   9
   7
  12
   7
  12
   9
   7
   3
  11
   6
   3
   7
  10
   7
   7
  11
   6
   2
   8
   1
   8
   5
  13
  12
   5
  10
   6
  10
  11
   8
   5
   5
   3
   7
   5
   7
  10
   9
  10
   4
   5
   1
   5
   5
   4
   3
  10
   5
   4
   5
   3
   5
   9
   8
   6
  12
   1
   4
  11
   2
   8
   1
   3
   0
   6
   2
   5
   6
   7
   1
   4
   8
   7
   5
   6
   3
   6
   7
   1
   7
   6
   2
   1
   5
   4
   5
   4
   2
   4
   3
   5
   6
   3
   5
   5
   7
   8
   4
   6
   1
   3
   4
   3
   3
   2
   4
   2
   2
   4
   1
   4
   5
   2
   4
   2
   1
   7
   5
   2
   3
   5
   4
   2
   4
   4
   0
   3
   5
   2
   3
   3
   6
   8
   3
   4
   1
   2
   1
   4
   3
   6
   5
   1
   3
   4
   3
   4
   4
   1
   1
   2
   1
   3
   3
   2
   5
   4
   2
   4
   0
   2
   6
   3
   2
   3
   6
   5
   5
   0
   2
   4
   2
   2
   5
   3
   4
   4
   0
   1
   2
   0
   1
   2
   3
   0
   4
   2
   1
   3
   2
   0
   8
   3
   6
   3
   1
   1
   3
   1
   4
   1
   0
   3
   1
   4
   3
   2
   2
   3
   3
   0
   1
   4
   3
   4
   2
   2
   1
   3
   8
   1
   1
   0
   1
   4
   2
   6
   1
   0
   1
   1
   0
   0
   0
   0
   0
   0
   0
   0
   0
   0
   0
   0
   0
   0
   0
   0
   0
   0
   0
   0
   0
   0
   0
   0
   0
   0
   0
   0
   0
   0
   0
   0
   0
   0
   0
   0
   0
   0
   0
   0
   0
   0
   0
   1
   0
   0
   0
   0
   0
   0
   0
   0
   0
   0