$SPEC_ID:
No sample description was entered.
$SPEC_REM:
DET# 7089150
DETDESC# PRAKTIKUM 926
AP# Maestro Version 7.01
$DATE_MEA:
01/27/2002 02:15:43
$MEAS_TIM:
2968 2993
$DATA:
0 8191
       0
       0
       0
       0
       0
       0
       0
       0
       0
       0
       0
       0
       0
       0
       0
       0
       0
       0
       0
       0
       0
       0
       0
       0
       0
       0
       0
       0
       0
       0
       0
       0
       0
       0
       0
       0
       0
       0
       0
       0
       0
       0
       0
       0
       0
       0
       0
       0
       0
       0
       0
       1
       4
      50
     125
     342
     602
     756
     854
     866
     894
     856
     893
     831
     819
     857
     785
     823
     800
     799
     835
     722
     820
     797
     718
     780
     763
     701
     719
     736
     683
     705
     702
     749
     734
     692
     685
     732
     674
     700
     688
     675
     608
     606
     641
     646
     655
     633
     600
     636
     653
     648
     621
     595
     570
     587
     564
     614
     570
     557
     585
     502
     614
     557
     597
     548
     551
     537
     580
     570
     541
     545
     533
     533
     552
     537
     579
     530
     549
     489
     488
     488
     465
     543
     510
     544
     475
     543
     523
     471
     498
     527
     447
     498
     456
     472
     493
     477
     474
     462
     469
     459
     475
     482
     490
     485
     434
     497
     449
     454
     466
     466
     447
     464
     432
     427
     439
     477
     446
     419
     441
     444
     431
     447
     437
     447
     431
     457
     435
     398
     424
     397
     403
     481
     415
     409
     422
     428
     410
     443
     394
     450
     414
     437
     421
     417
     406
     415
     430
     434
     407
     387
     477
     410
     397
     412
     405
     397
     448
     420
     427
     424
     425
     407
     394
     391
     414
     404
     405
     409
     391
     391
     383
     396
     387
     419
     421
     423
     427
     377
     461
     470
     456
     449
     448
     448
     385
     382
     408
     421
     376
     333
     393
     373
     413
     462
     399
     401
     441
     419
     415
     392
     390
     386
     414
     425
     403
     375
     380
     410
     425
     450
     410
     457
     446
     478
     405
     435
     438
     393
     396
     430
     394
     400
     392
     405
     377
     396
     389
     385
     427
     424
     384
     432
     377
     416
     426
     434
     453
     433
     440
     470
     454
     452
     445
     425
     425
     469
     406
     466
     461
     414
     453
     444
     486
     484
     514
     513
     547
     723
     733
     889
     931
     877
     837
     790
     652
     603
     512
     514
     506
     450
     483
     533
     465
     475
     397
     479
     517
     517
     510
     536
     543
     580
     562
     543
     559
     555
     539
     540
     535
     527
     532
     555
     520
     506
     549
     491
     516
     574
     575
     601
     534
     546
     562
     576
     561
     593
     568
     591
     600
     658
     689
     854
    1009
    1317
    1534
    1802
    1786
    1736
    1464
    1247
    1042
    1002
    1177
    1412
    1835
    2379
    2823
    2966
    2756
    2161
    1741
    1266
     884
     763
     662
     686
     723
     755
     723
     699
     709
     621
     608
     657
     699
     666
     699
     702
     656
     616
     563
     528
     542
     517
     577
     665
     691
     807
     877
     902
     917
     835
     807
     710
     638
     630
     554
     520
     526
     580
     671
     814
     884
    1069
    1292
    1317
    1390
    1309
    1125
     910
     760
     716
     602
     595
     685
     703
     797
     890
     870
     831
     843
     764
     696
     609
     570
     591
     701
     880
    1239
    1449
    1688
    1857
    1793
    1689
    1417
    1171
     960
     815
     779
     820
     805
     859
     837
     783
     663
     623
     596
     488
     439
     420
     426
     440
     437
     452
     493
     541
     629
     737
     796
     870
     848
     822
     677
     658
     546
     519
     457
     406
     416
     423
     403
     406
     405
     387
     414
     376
     408
     420
     373
     416
     372
     419
     426
     382
     444
     391
     384
     441
     412
     404
     391
     432
     384
     429
     446
     425
     410
     409
     387
     422
     391
     381
     411
     431
     393
     395
     415
     431
     439
     436
     452
     455
     519
     457
     487
     483
     492
     498
     557
     525
     525
     570
     560
     532
     494
     493
     524
     541
     552
     538
     508
     494
     505
     443
     447
     492
     490
     478
     460
     454
     435
     421
     434
     434
     434
     428
     421
     413
     442
     430
     396
     426
     420
     400
     388
     426
     403
     416
     415
     395
     382
     402
     382
     416
     414
     417
     384
     422
     419
     434
     394
     396
     435
     423
     435
     449
     454
     406
     391
     406
     410
     405
     385
     400
     403
     426
     427
     399
     356
     410
     410
     430
     415
     372
     421
     383
     402
     444
     419
     414
     430
     407
     422
     422
     395
     427
     406
     424
     397
     393
     437
     393
     420
     418
     415
     430
     404
     439
     454
     426
     373
     455
     440
     399
     405
     379
     421
     377
     406
     434
     407
     394
     395
     437
     414
     420
     414
     405
     423
     413
     443
     441
     434
     434
     444
     436
     401
     446
     438
     420
     451
     410
     396
     416
     466
     406
     420
     433
     418
     402
     468
     423
     393
     370
     443
     452
     440
     404
     418
     427
     438
     431
     443
     450
     490
     570
     583
     661
     661
     675
     659
     569
     563
     534
     454
     464
     473
     416
     449
     396
     421
     393
     413
     407
     418
     440
     444
     426
     453
     439
     455
     450
     428
     452
     479
     431
     436
     440
     458
     448
     466
     437
     463
     449
     436
     467
     477
     464
     478
     464
     445
     434
     467
     471
     456
     481
     484
     535
     550
     533
     521
     498
     525
     477
     463
     498
     461
     457
     417
     429
     423
     421
     419
     444
     451
     431
     411
     474
     409
     454
     427
     402
     429
     444
     406
     416
     443
     434
     405
     424
     360
     395
     376
     451
     416
     386
     385
     390
     434
     405
     442
     465
     437
     464
     457
     447
     395
     415
     406
     359
     425
     398
     386
     368
     376
     346
     374
     361
     349
     382
     397
     342
     381
     378
     382
     393
     333
     366
     372
     370
     375
     373
     352
     355
     364
     397
     380
     394
     352
     368
     375
     353
     348
     330
     374
     364
     364
     376
     349
     338
     366
     375
     355
     382
     358
     343
     357
     328
     350
     317
     363
     340
     355
     370
     332
     374
     342
     342
     415
     342
     333
     358
     356
     349
     356
     331
     379
     379
     358
     376
     354
     342
     366
     382
     334
     377
     378
     342
     346
     375
     349
     396
     371
     403
     367
     370
     426
     363
     382
     354
     349
     364
     382
     422
     458
     563
     688
     881
    1297
    1587
    1920
    2094
    2116
    1959
    1720
    1256
     990
     782
     544
     437
     377
     365
     367
     359
     353
     323
     360
     347
     335
     333
     369
     375
     375
     314
     297
     379
     319
     339
     336
     327
     357
     330
     349
     321
     309
     310
     294
     306
     313
     297
     357
     351
     359
     332
     299
     333
     312
     346
     336
     332
     335
     333
     351
     302
     322
     336
     319
     340
     339
     315
     355
     336
     339
     320
     314
     281
     331
     301
     359
     337
     306
     268
     307
     342
     304
     325
     310
     341
     325
     335
     310
     314
     307
     298
     306
     291
     284
     291
     309
     291
     291
     317
     359
     330
     377
     365
     344
     309
     333
     291
     299
     272
     241
     269
     258
     263
     263
     276
     259
     285
     274
     278
     288
     247
     244
     280
     277
     258
     274
     264
     256
     278
     270
     289
     296
     268
     249
     283
     242
     253
     244
     238
     245
     235
     248
     205
     255
     236
     242
     250
     237
     259
     227
     245
     243
     225
     241
     237
     242
     247
     243
     265
     245
     225
     240
     229
     241
     226
     259
     232
     242
     231
     226
     239
     232
     226
     228
     236
     243
     239
     254
     249
     235
     239
     216
     225
     233
     204
     239
     243
     236
     248
     224
     236
     230
     216
     196
     235
     223
     250
     226
     240
     219
     247
     212
     218
     221
     239
     223
     224
     223
     224
     260
     219
     216
     236
     217
     220
     204
     235
     226
     213
     245
     224
     234
     231
     212
     227
     188
     212
     232
     248
     220
     194
     202
     231
     226
     240
     246
     207
     249
     210
     225
     199
     223
     228
     234
     243
     257
     259
     301
     299
     359
     348
     339
     302
     277
     255
     254
     218
     202
     224
     217
     215
     220
     216
     236
     213
     201
     217
     191
     195
     234
     209
     277
     374
     520
     843
    1120
    1424
    1685
    1873
    1789
    1602
    1274
    1000
     654
     505
     369
     235
     229
     222
     195
     214
     183
     168
     172
     194
     189
     192
     189
     186
     187
     187
     187
     175
     211
     170
     187
     181
     168
     162
     190
     185
     178
     166
     159
     171
     178
     176
     169
     165
     177
     166
     171
     163
     174
     195
     171
     162
     178
     190
     155
     170
     165
     186
     174
     167
     171
     194
     168
     190
     162
     185
     200
     199
     214
     206
     211
     211
     256
     236
     250
     202
     187
     186
     186
     197
     223
     259
     250
     257
     262
     257
     280
     234
     235
     186
     201
     175
     155
     181
     173
     167
     151
     163
     153
     188
     148
     152
     169
     147
     173
     151
     159
     137
     159
     143
     170
     156
     147
     150
     172
     165
     165
     147
     144
     153
     169
     150
     157
     145
     157
     182
     179
     157
     166
     183
     186
     169
     225
     286
     242
     259
     256
     259
     264
     273
     241
     245
     264
     231
     239
     261
     229
     231
     195
     180
     168
     186
     170
     164
     172
     194
     203
     188
     196
     202
     215
     199
     229
     203
     192
     188
     173
     182
     144
     154
     146
     141
     147
     158
     147
     142
     166
     156
     146
     140
     161
     164
     157
     144
     149
     154
     145
     163
     141
     149
     162
     150
     165
     159
     147
     179
     128
     159
     146
     140
     155
     138
     154
     170
     148
     155
     150
     167
     147
     136
     145
     119
     134
     148
     182
     146
     141
     175
     132
     183
     142
     140
     136
     152
     144
     140
     146
     158
     128
     130
     139
     139
     126
     134
     133
     144
     139
     154
     150
     132
     139
     126
     148
     146
     138
     148
     155
     146
     152
     161
     195
     245
     320
     516
     798
    1256
    1833
    2424
    2979
    3270
    3417
    3092
    2639
    1960
    1356
     963
     551
     387
     248
     176
     157
     135
     159
     168
     144
     130
     125
     129
     146
     137
     141
     167
     168
     166
     149
     143
     159
     144
     134
     144
     139
     147
     136
     155
     135
     136
     136
     138
     147
     148
     140
     156
     144
     139
     137
     140
     133
     129
     146
     119
     113
     143
     103
     128
     118
     114
     127
     114
     129
     119
     119
     143
     103
     136
     125
      98
     113
     115
     125
     123
     110
     111
     142
     144
     123
     122
     113
     116
     126
     131
     134
     111
     103
     130
     128
     120
     123
     118
     126
     139
     142
     129
     134
     119
     129
     140
     113
     110
     135
     105
     117
     126
     121
      95
     123
     112
     105
     122
      99
     123
     139
     109
     122
     124
     120
     118
     106
     112
     115
     121
     112
     120
     110
     102
     112
     109
     100
     118
     101
     106
     123
     117
     136
     111
     109
     130
     132
     149
     155
     137
     123
     133
     122
     126
     114
     113
     130
     137
     123
     106
     117
      97
     115
     101
     117
     121
     106
     109
     116
     139
     139
     105
      97
     126
     140
     150
     129
     117
     151
     131
     131
     118
     126
     119
     118
     132
     110
     116
     102
     117
      89
     128
     124
     127
     124
     117
     125
     105
     140
     115
     122
     119
     131
     124
     111
     126
     118
     126
     115
      87
     104
     104
     134
     134
     143
     121
     118
     140
     126
     131
     111
     131
     128
     117
     104
     118
     101
     109
     107
     122
     107
     118
     114
     113
     117
     112
     104
     111
     106
     121
     137
     117
     116
     123
     107
     113
     113
     116
     108
     107
      95
     110
     110
      93
     110
     105
     100
      87
     101
     127
     112
     102
     112
     118
     119
     130
     143
     130
     131
     132
     172
     157
     224
     242
     370
     584
     899
    1395
    2058
    2880
    3773
    4449
    4846
    4862
    4562
    3856
    3105
    2279
    1502
     944
     582
     381
     231
     173
     132
     118
     126
     122
     114
     112
      97
     105
      97
      98
     101
      92
     113
      76
     103
      96
     101
     104
     101
     100
      79
      82
      92
      87
      89
      92
     100
      86
      96
      82
      82
     101
     100
      88
     109
      96
      88
      93
      87
      74
      97
      90
      97
     100
      96
      87
      86
     104
     103
     113
      88
     105
      95
     101
      80
     108
      93
      83
      99
      89
      87
     111
      83
      99
      84
      98
      90
      90
      91
     102
      95
      90
      96
     106
     102
      95
      79
      95
      82
      87
      81
      91
      98
     105
      89
     112
     107
     101
     104
      81
      95
      84
      93
      85
     102
      96
      88
     100
     102
      95
      84
      86
      90
      76
      95
     101
     102
     106
     104
      79
     114
     104
      80
      81
      74
      88
     114
     103
      87
      89
      82
      97
     102
      94
     120
      86
     104
      87
     111
     120
      92
     105
     101
      78
      84
      82
      87
      98
     107
     105
     112
     121
     117
      90
     106
      96
      94
     103
     110
     101
     102
      88
      95
     108
     111
     145
     144
     140
     112
     125
     122
     116
     112
     123
     142
     151
     140
     139
     154
     124
     128
     125
     123
     125
     111
     100
      91
      94
      84
      81
      82
     101
      90
      97
      96
      82
      92
      86
     106
      86
      95
     102
      90
      93
     115
      92
      70
      78
      87
     101
      95
      94
      95
      89
      83
      76
     100
     102
      99
     100
      98
     104
      98
      89
     105
      91
      85
     100
      90
      94
     107
     108
      97
     130
     123
     107
     114
     129
     154
     136
     127
     137
     106
     110
     111
     110
      96
     108
     102
     119
     118
     112
     128
     106
     133
     126
     103
     125
     165
     106
     132
     109
      93
     107
     104
      97
     105
     101
     120
     117
     112
      90
      88
     112
      93
     130
      91
      84
      91
      92
      89
     110
     112
      92
     120
     111
      91
     107
      98
     122
     100
     102
      93
     110
      94
      95
     109
      88
      87
     104
      92
      85
      95
     114
     110
     122
      94
     106
      98
      94
     101
     100
     108
     102
     118
     100
     111
     103
     109
     114
     107
      81
     114
     106
     101
      91
     103
      99
     105
     102
     114
      94
     100
      97
     115
     120
     104
     111
     100
     103
      95
     114
      99
     102
     107
     110
     104
     100
     112
      83
      88
      91
      96
     116
      98
     104
      97
      98
      89
     108
      99
     117
     105
      97
     118
      92
      89
      88
      80
      84
      79
      93
      99
     100
      98
     109
      85
      67
      86
      86
      71
      73
      76
      93
      85
      85
      61
      91
      65
      78
      76
      88
      62
      73
      80
      46
      80
      82
      73
      97
      80
      73
      80
      85
      61
      73
      73
      81
      86
      72
      80
      75
      72
      85
      87
      56
      76
      79
      83
      60
      82
      56
      88
      61
      74
      79
      70
      67
      67
      68
      86
      83
      65
      62
      80
      77
      69
      70
      68
      62
      68
      68
      77
      62
      83
      72
      90
      69
      79
      79
      69
      60
      61
      66
      75
      61
      66
      64
      63
      88
      78
      59
      59
      74
      83
      63
      61
      67
      58
      63
      62
      68
      60
      70
      72
      58
      63
      77
      76
      63
      59
      66
      70
      68
      72
      68
      87
      81
      80
      65
      66
      78
      91
      94
      88
      76
      81
      89
      76
      82
      68
      73
      84
      60
      59
      69
      69
      52
      53
      51
      54
      77
      70
      65
      75
      68
      65
      67
      55
      79
      63
      59
      60
      61
      70
      67
      70
      64
      82
      78
      80
      89
      78
      68
      82
      56
      82
      63
      58
      59
      51
      61
      67
      71
      57
      53
      52
      52
      58
      59
      67
      68
      52
      53
      54
      58
      68
      51
      52
      51
      58
      64
      68
      66
      61
      75
      68
      63
      89
      57
      68
      66
      58
      54
      53
      60
      59
      68
      61
      66
      54
      60
      65
      43
      64
      59
      62
      68
      70
      76
      54
      74
      68
      60
      67
      47
      58
      53
      53
      66
      59
      63
      60
      64
      44
      59
      71
      49
      40
      62
      58
      71
      63
      66
      70
      76
      86
      87
      95
      78
      82
      77
      63
      49
      72
      63
      50
      77
      67
      66
      62
      58
      68
      69
      58
      32
      51
      44
      54
      61
      43
      52
      64
      59
      56
      54
      71
      64
      83
      89
      91
      91
      90
      77
      74
      53
      61
      64
      45
      72
      58
      56
      47
      45
      52
      54
      41
      50
      54
      60
      43
      43
      59
      60
      41
      44
      59
      51
      47
      44
      54
      42
      64
      48
      44
      51
      45
      63
      45
      50
      49
      46
      49
      55
      46
      52
      43
      48
      44
      43
      57
      38
      57
      53
      40
      43
      44
      45
      41
      48
      54
      57
      55
      45
      37
      57
      51
      51
      47
      45
      37
      54
      54
      40
      53
      43
      54
      43
      64
      48
      53
      52
      48
      51
      41
      47
      44
      46
      43
      54
      51
      34
      32
      53
      61
      41
      53
      38
      31
      56
      44
      57
      56
      34
      62
      63
      62
      68
      52
      60
      64
      62
      75
      49
      60
      64
      55
      65
      62
      55
      42
      45
      58
      53
      51
      50
      45
      53
      38
      51
      55
      48
      51
      43
      50
      39
      46
      47
      61
      42
      36
      48
      44
      42
      31
      48
      39
      45
      39
      45
      46
      44
      44
      51
      48
      42
      54
      47
      48
      41
      51
      51
      40
      47
      44
      62
      42
      38
      41
      36
      40
      36
      40
      41
      58
      59
      52
      41
      56
      41
      40
      55
      49
      46
      46
      40
      46
      25
      36
      39
      49
      37
      44
      47
      46
      49
      44
      36
      39
      49
      51
      48
      37
      38
      56
      50
      49
      50
      36
      57
      48
      41
      35
      42
      30
      42
      32
      38
      57
      45
      56
      43
      63
      49
      63
      67
      55
      65
      49
      45
      57
      49
      62
      40
      48
      43
      36
      46
      53
      55
      51
      56
      51
      44
      51
      51
      49
      53
      50
      55
      39
      32
      51
      51
      51
      41
      40
      37
      43
      39
      41
      45
      54
      51
      44
      44
      37
      53
      45
      51
      44
      51
      60
      50
      43
      70
      47
      51
      47
      57
      50
      46
      44
      46
      52
      54
      44
      50
      51
      49
      46
      50
      55
      46
      49
      46
      54
      31
      41
      37
      46
      38
      39
      46
      46
      54
      35
      45
      55
      39
      38
      49
      49
      44
      46
      48
      39
      56
      48
      41
      44
      43
      35
      41
      39
      48
      32
      43
      42
      45
      40
      41
      35
      42
      42
      37
      51
      38
      38
      43
      45
      37
      42
      36
      39
      45
      45
      45
      42
      44
      33
      39
      46
      43
      47
      36
      43
      52
      41
      36
      55
      48
      45
      55
      36
      40
      46
      46
      50
      37
      34
      51
      39
      44
      49
      41
      52
      59
      43
      41
      19
      35
      55
      40
      38
      47
      46
      51
      57
      52
      41
      48
      47
      37
      38
      41
      37
      40
      47
      45
      41
      44
      49
      50
      43
      52
      46
      42
      30
      42
      41
      47
      45
      34
      47
      49
      55
      40
      37
      47
      53
      42
      36
      43
      45
      40
      40
      41
      48
      49
      44
      43
      36
      54
      34
      50
      34
      39
      47
      37
      51
      36
      69
      49
      49
      43
      62
      66
      63
      65
      61
      49
      57
      60
      45
      63
      58
      44
      30
      41
      49
      55
      47
      44
      46
      40
      40
      47
      39
      39
      46
      39
      41
      39
      31
      42
      39
      38
      30
      41
      50
      45
      31
      44
      39
      47
      28
      41
      33
      32
      48
      44
      25
      35
      38
      42
      39
      31
      50
      35
      37
      32
      34
      40
      41
      37
      40
      41
      51
      37
      41
      38
      36
      31
      36
      35
      41
      43
      32
      46
      38
      32
      49
      38
      34
      28
      33
      41
      32
      49
      32
      43
      42
      38
      38
      43
      47
      38
      41
      42
      22
      30
      30
      36
      44
      35
      37
      41
      38
      35
      26
      37
      48
      24
      39
      42
      49
      39
      34
      45
      35
      43
      38
      35
      50
      52
      49
      53
      42
      62
      70
      43
      66
      67
      81
      96
     132
     159
     211
     267
     373
     521
     740
    1036
    1289
    1734
    1905
    2214
    2350
    2371
    2307
    2085
    1844
    1531
    1207
     924
     675
     426
     268
     153
      98
      72
      65
      44
      39
      36
      36
      42
      30
      41
      43
      32
      30
      21
      41
      34
      38
      45
      33
      35
      39
      34
      30
      53
      37
      37
      33
      40
      34
      34
      30
      33
      27
      29
      43
      27
      34
      24
      29
      35
      35
      26
      30
      33
      40
      36
      23
      33
      32
      22
      25
      30
      37
      31
      40
      31
      21
      29
      36
      34
      32
      32
      40
      29
      24
      34
      33
      32
      26
      27
      32
      36
      19
      36
      34
      33
      18
      26
      33
      36
      35
      34
      24
      27
      37
      24
      35
      36
      20
      34
      34
      36
      42
      32
      23
      30
      29
      35
      30
      30
      29
      19
      33
      40
      31
      31
      27
      40
      31
      32
      43
      34
      21
      35
      22
      20
      30
      30
      20
      35
      31
      26
      29
      37
      22
      31
      26
      22
      30
      30
      29
      30
      25
      22
      22
      28
      34
      31
      40
      36
      25
      27
      27
      29
      31
      24
      25
      25
      30
      26
      28
      38
      32
      27
      28
      33
      20
      29
      31
      39
      26
      27
      35
      35
      20
      20
      33
      36
      23
      31
      30
      33
      34
      22
      27
      30
      31
      34
      31
      27
      37
      33
      30
      33
      29
      33
      25
      29
      25
      36
      27
      30
      34
      26
      25
      34
      24
      19
      26
      33
      31
      32
      30
      35
      30
      36
      21
      43
      27
      26
      35
      29
      32
      29
      34
      20
      26
      29
      21
      35
      25
      32
      32
      24
      36
      32
      41
      23
      38
      33
      24
      32
      33
      34
      30
      22
      28
      33
      32
      19
      26
      33
      29
      30
      35
      29
      29
      31
      31
      33
      25
      48
      60
      56
      56
      65
      93
      79
      89
     105
      69
      95
      91
      91
      63
      53
      72
      39
      36
      29
      32
      29
      30
      25
      34
      40
      31
      23
      35
      26
      21
      35
      34
      23
      36
      23
      35
      37
      32
      38
      26
      18
      34
      28
      27
      41
      32
      27
      29
      30
      27
      26
      29
      29
      28
      20
      31
      22
      26
      35
      31
      37
      29
      27
      36
      32
      34
      30
      25
      30
      23
      35
      18
      25
      28
      27
      24
      27
      25
      32
      35
      24
      30
      21
      29
      32
      24
      25
      36
      19
      27
      28
      32
      29
      30
      27
      30
      34
      34
      23
      40
      31
      36
      31
      20
      28
      29
      26
      19
      31
      29
      34
      40
      32
      32
      31
      32
      28
      41
      37
      30
      32
      23
      34
      29
      26
      26
      24
      20
      33
      28
      36
      25
      36
      29
      35
      32
      31
      36
      27
      30
      26
      36
      31
      27
      30
      21
      31
      17
      34
      33
      26
      29
      26
      29
      27
      32
      33
      28
      33
      37
      30
      30
      33
      32
      43
      27
      35
      34
      37
      29
      31
      47
      27
      36
      34
      35
      19
      31
      38
      29
      38
      31
      30
      33
      41
      39
      59
      52
      36
      42
      43
      37
      50
      33
      41
      47
      37
      39
      33
      34
      33
      44
      34
      30
      28
      21
      37
      25
      30
      28
      24
      29
      32
      27
      35
      29
      31
      21
      27
      31
      30
      26
      27
      25
      26
      24
      27
      28
      34
      20
      27
      30
      26
      34
      42
      25
      35
      31
      32
      39
      30
      28
      36
      28
      25
      24
      29
      19
      31
      32
      23
      17
      35
      35
      36
      32
      26
      36
      40
      30
      24
      32
      35
      37
      36
      49
      28
      38
      37
      44
      38
      39
      39
      50
      41
      41
      50
      34
      32
      28
      25
      27
      38
      38
      34
      36
      27
      35
      32
      32
      21
      32
      24
      31
      22
      20
      21
      31
      32
      37
      35
      38
      30
      42
      26
      28
      29
      18
      29
      28
      34
      29
      32
      25
      37
      30
      27
      34
      26
      26
      32
      29
      28
      36
      41
      30
      23
      24
      26
      28
      21
      31
      22
      30
      24
      29
      30
      24
      31
      28
      27
      22
      25
      23
      22
      33
      25
      26
      25
      34
      21
      28
      28
      27
      22
      36
      32
      25
      32
      34
      25
      26
      35
      22
      31
      24
      33
      24
      36
      33
      25
      32
      30
      35
      26
      51
      42
      40
      56
      50
      44
      42
      46
      36
      47
      37
      37
      37
      23
      31
      36
      29
      35
      31
      21
      26
      25
      22
      24
      38
      28
      25
      21
      35
      26
      28
      27
      27
      24
      19
      25
      32
      34
      38
      33
      23
      35
      19
      31
      24
      28
      24
      30
      38
      31
      23
      25
      33
      24
      26
      30
      43
      27
      29
      31
      36
      33
      33
      28
      31
      28
      17
      26
      30
      24
      26
      21
      23
      28
      29
      41
      23
      33
      23
      32
      24
      19
      28
      29
      23
      23
      28
      24
      32
      37
      25
      28
      18
      27
      30
      12
      29
      24
      35
      30
      26
      20
      22
      26
      30
      30
      29
      33
      35
      30
      44
      34
      33
      51
      54
      39
      48
      62
      49
      66
      68
      77
     125
     129
     144
     163
     178
     215
     208
     177
     190
     188
     170
     158
     134
     133
      89
      81
      66
      48
      45
      42
      37
      32
      29
      19
      20
      33
      40
      26
      29
      31
      27
      31
      24
      30
      32
      31
      28
      27
      28
      36
      35
      25
      28
      27
      18
      26
      32
      27
      33
      19
      19
      27
      24
      30
      35
      34
      25
      28
      19
      29
      26
      35
      19
      25
      27
      20
      20
      26
      14
      23
      30
      28
      33
      32
      24
      34
      41
      40
      28
      26
      37
      36
      32
      31
      42
      43
      51
      67
      71
      67
      56
      64
      68
      69
      68
      63
      60
      46
      42
      46
      52
      34
      33
      27
      36
      32
      26
      19
      21
      35
      27
      28
      24
      31
      17
      20
      22
      34
      27
      26
      29
      24
      27
      29
      33
      28
      24
      32
      25
      23
      38
      31
      29
      26
      20
      28
      29
      21
      29
      26
      33
      26
      33
      24
      27
      24
      21
      30
      30
      24
      21
      27
      32
      37
      36
      29
      27
      23
      36
      28
      25
      35
      30
      26
      28
      20
      27
      22
      32
      23
      25
      29
      28
      33
      29
      34
      25
      24
      35
      34
      33
      48
      37
      41
      45
      51
      62
      79
      72
      71
      63
      54
      70
      68
      68
      60
      38
      29
      30
      37
      39
      38
      34
      25
      36
      22
      24
      30
      26
      28
      24
      25
      13
      30
      26
      25
      30
      35
      24
      28
      28
      23
      29
      27
      26
      20
      38
      29
      30
      39
      31
      26
      31
      29
      32
      37
      31
      24
      26
      32
      23
      36
      28
      36
      25
      25
      31
      42
      29
      19
      25
      34
      29
      21
      27
      31
      28
      28
      30
      41
      33
      27
      27
      30
      30
      40
      38
      33
      27
      27
      29
      29
      33
      27
      23
      35
      25
      25
      23
      31
      26
      33
      35
      33
      33
      42
      27
      41
      32
      44
      31
      31
      33
      31
      22
      16
      25
      24
      35
      28
      23
      27
      27
      33
      34
      31
      23
      40
      19
      38
      42
      31
      31
      40
      37
      37
      31
      37
      27
      34
      36
      26
      37
      33
      31
      26
      28
      27
      31
      31
      32
      24
      31
      31
      36
      25
      42
      37
      34
      38
      29
      32
      38
      54
      52
      49
      51
      60
      45
      41
      52
      38
      33
      44
      33
      31
      39
      24
      30
      35
      34
      32
      24
      33
      31
      32
      25
      25
      29
      31
      30
      25
      36
      36
      27
      32
      29
      29
      32
      33
      28
      30
      22
      38
      25
      27
      30
      32
      25
      27
      31
      24
      25
      29
      23
      29
      30
      19
      27
      29
      32
      30
      33
      30
      26
      33
      22
      33
      25
      28
      34
      26
      38
      31
      19
      19
      25
      28
      37
      28
      30
      23
      29
      30
      29
      29
      45
      27
      19
      27
      39
      29
      33
      31
      36
      33
      26
      27
      25
      31
      34
      23
      37
      20
      24
      28
      29
      25
      23
      23
      24
      22
      30
      29
      33
      21
      36
      31
      22
      22
      27
      28
      32
      30
      29
      34
      28
      33
      24
      29
      16
      22
      37
      32
      43
      31
      26
      39
      23
      29
      31
      35
      22
      30
      32
      25
      32
      31
      35
      28
      29
      17
      24
      22
      23
      31
      34
      25
      26
      39
      27
      25
      18
      36
      34
      22
      29
      23
      28
      26
      27
      31
      23
      35
      22
      34
      34
      37
      28
      22
      29
      26
      38
      28
      25
      28
      39
      26
      29
      42
      24
      19
      23
      26
      32
      32
      34
      33
      33
      36
      32
      28
      28
      38
      17
      21
      32
      30
      37
      27
      45
      27
      26
      37
      24
      30
      37
      24
      32
      38
      31
      19
      31
      37
      36
      29
      32
      27
      34
      30
      25
      35
      18
      26
      37
      20
      34
      30
      30
      29
      33
      32
      30
      33
      32
      26
      28
      43
      27
      27
      27
      30
      30
      16
      27
      22
      29
      20
      37
      29
      37
      25
      23
      31
      29
      26
      25
      23
      33
      31
      28
      33
      31
      21
      32
      30
      29
      25
      39
      34
      41
      24
      42
      22
      32
      35
      30
      26
      33
      30
      34
      45
      27
      36
      35
      35
      31
      33
      33
      28
      25
      29
      30
      25
      27
      36
      40
      24
      40
      30
      40
      30
      22
      35
      30
      32
      21
      31
      32
      31
      29
      40
      28
      29
      34
      25
      33
      28
      35
      27
      26
      31
      26
      33
      33
      37
      27
      33
      30
      19
      26
      34
      32
      32
      32
      28
      23
      34
      21
      37
      21
      44
      23
      34
      31
      26
      27
      26
      33
      25
      30
      23
      26
      22
      28
      28
      14
      28
      29
      25
      28
      24
      25
      24
      41
      31
      27
      20
      19
      32
      24
      42
      23
      21
      29
      28
      28
      25
      27
      24
      16
      36
      21
      31
      26
      23
      24
      20
      26
      31
      26
      36
      30
      29
      33
      18
      22
      22
      24
      34
      22
      21
      22
      31
      27
      21
      24
      27
      33
      18
      17
      22
      23
      18
      19
      21
      24
      20
      16
      22
      28
      24
      20
      16
      14
      24
      24
      26
      22
      26
      22
      27
      25
      22
      33
      13
      32
      38
      25
      32
      27
      34
      46
      33
      37
      39
      45
      61
      47
      68
      69
      77
      93
     101
      88
      84
     103
      93
      89
      88
      88
      88
      66
      62
      50
      51
      46
      36
      29
      20
      31
      29
      31
      29
      20
      31
      30
      24
      21
      37
      16
      28
      21
      28
      20
      30
      23
      29
      22
      37
      25
      23
      27
      27
      25
      24
      12
      26
      18
      26
      29
      24
      25
      22
      30
      22
      32
      27
      19
      28
      30
      22
      20
      23
      17
      26
      26
      22
      37
      20
      24
      25
      19
      20
      22
      25
      23
      28
      25
      31
      17
      24
      37
      25
      34
      21
      19
      30
      26
      22
      22
      28
      17
      20
      22
      29
      22
      22
      24
      25
      28
      12
      32
      25
      18
      17
      16
      29
      23
      27
      28
      28
      33
      23
      20
      22
      22
      27
      21
      23
      29
      25
      30
      25
      31
      24
      23
      24
      24
      31
      17
      15
      20
      18
      20
      14
      25
      18
      27
      22
      23
      24
      26
      27
      30
      18
      25
      27
      34
      37
      28
      31
      35
      29
      38
      29
      27
      28
      28
      28
      32
      16
      29
      28
      21
      22
      23
      25
      34
      21
      24
      24
      23
      17
      23
      29
      26
      30
      25
      13
      19
      19
      28
      20
      27
      20
      25
      19
      26
      22
      23
      17
      27
      28
      26
      19
      29
      15
      26
      18
      22
      23
      20
      13
      26
      25
      14
      25
      24
      24
      17
      33
      27
      23
      23
      22
      20
      25
      19
      19
      25
      16
      18
      29
      20
      23
      23
      22
      19
      12
      23
      30
      22
      25
      32
      21
      30
      22
      30
      18
      22
      23
      23
      21
      28
      21
      12
      29
      24
      16
      26
      20
      28
      16
      19
      19
      23
      20
      19
      18
      16
      31
      19
      26
      18
      18
      30
      17
      27
      14
      32
      22
      25
      15
      16
      22
      25
      16
      28
      18
      14
      21
      16
      24
      15
      20
      22
      14
      20
      21
      25
      20
      25
      23
      13
      15
      18
      16
      20
      13
      13
      17
      23
      18
      20
      23
      20
      24
      29
      20
      30
      23
      26
      31
      14
      17
      19
      33
      33
      25
      31
      23
      28
      37
      31
      36
      36
      56
      41
      39
      40
      44
      44
      30
      34
      28
      39
      29
      28
      20
      31
      25
      14
      31
      23
      19
      19
      26
      30
      22
      22
      28
      21
      25
      17
      26
      19
      23
      25
      14
      17
      16
      20
      20
      29
      22
      18
      20
      18
      17
      21
      14
      18
      24
      23
      19
      21
      25
      22
      19
      28
      24
      25
      19
      15
      23
      23
      24
      25
      20
      24
      28
      24
      12
      16
      21
      25
      19
      31
      23
      22
      19
      17
      21
      20
      13
      19
      20
      23
      13
      18
      26
      18
      11
      16
      23
      18
      21
      17
      19
      24
      16
      24
      21
      25
      18
      26
      25
      21
      17
      20
      22
      14
      22
      21
      20
      22
      24
      30
      19
      19
      24
      27
      18
      22
      22
      24
      19
      15
      14
      22
      21
      20
      10
      20
      19
      12
      20
      15
      22
      20
      20
      24
      24
      15
      18
      20
      17
      12
      13
      21
      24
      25
      17
      26
      18
      21
      27
      18
      20
      23
      22
      21
      23
      16
      21
      19
      16
      18
      18
      20
      21
      19
      13
      23
      17
      14
      28
      15
      20
      28
      23
      23
      21
      21
      17
      21
      16
      13
      20
      27
      16
      18
      22
      15
      18
      17
      22
      15
      18
      18
      12
      18
      26
      21
      14
      18
      19
      14
      19
      23
      18
      15
      15
      16
      22
      15
      17
      15
      23
      26
      11
      15
      19
      21
      14
      15
      21
      21
      15
      22
      20
      20
      22
      19
      25
      14
      17
      14
      28
      19
      17
      22
      21
      19
      17
      10
      18
      16
      18
      23
      21
      23
      27
      25
      28
      20
      17
      19
      29
      29
      18
      19
      17
      15
      19
      24
      23
      18
      22
      14
      20
      13
      21
      13
      17
      19
      18
      16
      25
      10
      18
      18
      24
      18
      21
      17
      19
      16
      18
      18
      16
      19
      15
      20
      19
      22
      19
      16
       9
      18
      16
      21
      13
      14
      21
      19
      23
      12
      16
      18
      22
      15
      22
      16
      16
      13
      24
      24
      10
      18
      22
      19
      21
      23
      25
      15
      13
      16
      24
      15
      21
      30
      26
      26
      26
      27
      22
      24
      34
      19
      13
      21
      19
      20
      31
      30
      32
      20
      13
      27
      23
      17
      18
      15
      10
      18
      17
      16
      16
      24
      19
      15
      15
      18
      25
      14
      16
      21
      16
      12
      21
      13
      22
      13
      19
      11
      20
      20
      20
      23
      12
      16
      17
      14
      11
      17
      17
      16
      19
      18
       9
      15
      14
       9
      13
      16
       8
      12
      14
      14
      15
      16
      10
      21
      11
      24
      19
      17
      20
      28
      16
      14
      17
      16
      15
      24
       9
      21
      15
      20
       6
      13
      23
      17
      25
      19
       7
      19
      16
      18
      12
      16
      25
      20
      24
       7
      13
      20
      11
      15
      11
      12
       9
      12
      16
      19
      24
      19
      22
      17
      15
      17
      18
      15
      20
      19
      16
      22
      20
      19
      21
      18
      23
      20
      22
      13
      18
      15
      16
      17
      17
      21
      15
      26
      14
      15
      17
      19
      17
      17
      17
      12
      20
      16
      22
      14
       7
      17
      13
      21
      13
      25
      16
      15
      16
      10
      17
      14
      22
      16
      18
      23
      16
      24
      19
      27
      13
      19
      16
      18
      18
      18
      15
      16
      19
      17
      18
      22
      19
      12
      22
      12
      17
      19
      12
      10
      10
      16
      21
      16
      22
      20
      23
      17
      18
      12
      18
      18
      22
      15
      22
      25
      19
      21
      20
      20
      21
      16
      10
      18
      23
      21
      23
      15
      14
      22
      29
      18
      22
      25
      24
      26
      31
      29
      28
      37
      42
      45
      44
      48
      85
      94
     113
     146
     158
     185
     202
     230
     255
     305
     278
     285
     300
     308
     259
     249
     283
     228
     216
     193
     159
     146
     115
     100
      55
      43
      33
      28
      31
      15
      17
      21
      17
      17
      21
      23
      20
      24
      13
      20
      12
      18
      18
      17
      15
      19
      16
      14
      14
      18
      17
      21
      13
      20
      11
      16
      13
      23
      19
      18
      17
      15
      17
      16
      16
      13
      19
      22
      12
      21
      27
      30
      27
      20
      28
      25
      25
      22
      21
      20
      31
      22
      21
      19
      16
      21
      19
      27
      17
       7
      16
      13
      13
      13
      11
      17
      18
      19
      19
      16
      13
      13
      10
      17
      18
      19
      13
      18
      13
      31
      14
      21
      10
      16
      19
      13
      20
      19
      18
      14
      19
       9
      12
      19
      17
      14
      20
      22
      15
      20
      20
      22
      17
      15
      16
      20
      20
      16
      18
      21
      23
      16
      22
      24
      12
      18
      11
      20
      17
      22
      16
      16
      20
      21
      19
      28
      21
      18
      17
      23
      17
      21
      13
      22
      22
      24
      15
      21
      26
      32
      27
      32
      31
      43
      35
      48
      39
      35
      50
      50
      40
      54
      45
      44
      32
      45
      40
      45
      35
      27
      19
      31
      19
      20
      22
      17
      14
      18
      15
      16
      13
      11
      17
      24
      18
      13
      24
      23
      19
      20
      17
      14
      16
      14
      15
      24
      25
      15
      14
      11
      13
      24
      22
      13
      11
      14
      15
      15
      17
      11
      15
      21
      19
      17
      10
      18
      13
      20
      17
      13
      14
      18
      23
      23
      13
      22
      15
      14
      17
      13
      20
      12
      11
      11
      13
      18
      14
      21
      20
      12
      17
      20
      16
      16
      18
      15
      12
      15
      15
      13
      15
      16
      18
      20
      13
      12
      19
      17
      11
      15
      19
      15
      13
      15
      14
      19
      10
      10
      21
      15
      15
      15
      12
      14
      13
      14
      15
      14
      22
      19
      14
      22
      13
      20
      22
      20
      22
      36
      22
      22
      28
      21
      25
      33
      15
      28
      11
      21
      13
      19
      13
      15
      22
      19
      15
      13
      25
      13
      12
      14
      14
      18
      11
      15
      17
      18
      16
      14
      17
      13
      15
      11
      20
      16
      14
      21
      12
      14
      22
      16
      20
      17
      17
      18
      11
      17
      12
      23
      12
      14
      13
      15
      16
      22
      13
      14
      22
      14
      21
      20
      15
      15
      21
      21
      15
      20
      15
      15
      15
      15
      11
       7
      20
      18
      11
       6
      12
      16
      18
      12
      15
      17
      14
      24
      17
      12
      11
      16
      12
       9
       9
      12
      13
      11
      15
      20
      12
      12
      11
      21
      23
      13
      10
      11
      11
      25
      16
      16
      11
      18
      16
      18
      12
      24
      19
      20
      22
      20
      20
      19
      25
      23
      25
      19
      15
      23
      18
      27
      16
      20
      22
      15
      12
      18
      13
      16
      21
      14
      11
      18
      12
      13
       7
      17
      16
      11
      17
      13
      15
      11
      13
      16
      20
       8
      19
      13
      13
       9
      14
      16
      15
      13
      16
      20
      16
      10
       9
      13
      10
       9
      15
      17
      18
       9
      23
      12
      14
      28
       8
      13
      16
      18
      13
      18
       9
      12
      13
      15
      19
      15
      15
      17
      16
      14
      17
      17
      16
      23
      18
       9
      14
      13
      16
      18
      17
      16
      14
      11
      15
      17
      14
      12
      17
      16
      12
       7
       8
      14
      18
      15
      19
      23
      10
      15
      16
      13
       8
      14
      13
      16
      12
      13
      15
      17
      13
      17
      15
       8
      17
      10
      13
      14
      15
      12
      19
      14
      15
      12
      21
      19
      18
      23
      20
      23
      21
      20
      29
      29
      35
      42
      55
      52
      56
      77
      96
      93
      90
      99
      88
     103
      92
     120
      92
      94
      82
      99
      71
      70
      60
      69
      47
      53
      42
      28
      24
      25
      11
      12
      18
      13
      18
      18
      18
      12
      10
      11
      17
      15
      11
      13
      13
      17
      11
      14
      16
      14
      10
      13
       9
       9
      15
      16
       7
      18
      12
      18
      11
      15
      18
      18
      15
      12
      19
      12
      17
      12
      15
      19
      15
      21
      12
      23
      18
      12
      21
      21
      30
      16
      22
      18
      19
      18
      20
      21
      15
      24
      21
      15
      18
      20
      17
      15
      16
      13
      18
      23
      18
      24
      18
      13
      13
      14
      12
      14
      10
      11
       9
      16
      14
      15
      12
      11
      11
      12
      16
       7
      14
       6
      15
      16
      12
      13
      17
       6
      10
      17
      17
      23
       6
       9
      16
       9
      16
      11
      24
      18
      11
      10
      14
      13
      11
      10
      15
       9
       9
      15
      17
       5
      16
       4
       9
       8
      12
      11
      12
      15
      11
      18
       8
      10
       7
      14
       6
      14
      17
      10
      18
      20
      12
      23
      22
      22
      16
      13
      10
      11
      15
      17
      24
      13
      21
      12
       8
      15
      13
       9
      20
      16
      11
      15
      10
       8
      15
      20
      12
      19
      12
      13
      11
       7
      14
      18
      11
      25
      13
      20
      15
      18
      26
      25
      18
      31
      36
      35
      43
      32
      35
      34
      35
      25
      44
      28
      34
      29
      22
      24
      22
      17
      16
      15
      23
      15
      13
      26
      12
      15
       8
      14
      15
      15
      20
       8
       8
       7
      11
      22
      12
      15
      10
      12
      13
      12
       6
      16
      10
       7
      18
      10
       9
       7
      17
      12
      13
      12
      11
      16
       8
       8
      21
      12
       8
      11
      17
      13
      12
      13
      14
      16
       7
       5
      15
      16
      12
      11
      18
      14
      16
      12
      11
      10
      16
      13
      10
      12
      11
      10
      16
      23
       6
      11
      15
      10
       8
      21
      12
      13
      13
      14
      11
      10
       7
      11
      14
      17
      15
       8
      12
      11
      16
       8
      15
      13
      11
      18
      14
      14
      13
      13
      12
      12
      13
      15
      15
       9
      13
      10
      14
      12
       9
      15
      11
      11
       6
      12
       8
       8
       8
      11
      18
      15
      14
       8
      13
      14
      11
      13
       9
      11
      12
      17
      19
      15
      10
       6
       8
      10
      14
      17
      10
      13
      11
      12
       6
      13
       6
      15
      16
      12
      14
      13
      14
      12
      17
       7
      16
      22
      10
      19
      12
      10
      11
      16
      12
      10
      20
      14
      10
      12
      15
      11
      12
      19
       8
      14
      11
      19
      11
      13
      12
       7
       9
      11
      13
       8
       7
      19
      10
      15
       7
      10
       8
      17
       7
       9
      11
      13
       7
      20
      18
      18
      13
      11
      11
      12
      18
      13
       8
       9
       5
      14
       9
      13
      10
       9
      11
      18
      14
      12
      15
      11
      16
      16
      11
      14
       6
      11
      18
      13
      13
      14
      12
      16
      10
      13
      14
      12
       7
      14
      13
      13
      18
      11
      16
      14
      17
      11
      11
      14
      12
       9
      14
      11
      14
      11
      14
       9
      11
      11
       9
      16
      18
      15
      14
      10
      13
      15
      15
      10
      11
       8
      12
      10
       9
      12
      12
      13
       8
      10
       9
      15
      22
      18
       7
      18
      11
      15
      12
      10
       8
      13
       8
       8
       6
      11
      10
      14
      13
       9
      14
       8
      13
      13
      12
      10
       6
      12
      11
      14
       7
       8
      12
      12
      12
      16
      11
      11
       8
      13
       8
      15
       7
      13
      11
      10
       9
      11
      10
       8
      12
      16
       6
      17
      15
      12
      17
      19
      19
      22
       9
      12
      14
      13
      15
      12
       6
      14
       9
       8
      12
      18
       7
      11
      10
      14
      10
      17
      13
       9
      10
      13
       8
       6
       7
      10
      12
       9
      12
       8
       7
      14
      15
      13
      11
      11
      20
      12
      21
       7
      14
      11
      12
      14
      16
      14
      14
      15
       8
       8
      15
       7
      10
      12
      12
      16
       7
       7
      12
      11
      13
      15
      15
       6
      10
      10
      11
      10
       8
      16
      13
       4
      16
       9
      14
      15
      18
      14
      10
      13
      16
      14
      14
      15
      11
      14
      12
       5
      17
      14
      16
      15
      15
      19
      16
      10
      18
      24
      22
      18
      23
      16
      29
      38
      36
      39
      48
      40
      58
      61
      72
      60
      59
      67
      60
      68
      77
      70
      60
      57
      59
      49
      48
      50
      38
      32
      37
      20
      26
      20
      15
      11
      13
      15
      13
      10
       9
      11
      14
      15
      12
      17
      20
      20
      14
      16
      31
      20
      17
      22
      16
      22
      20
      24
      14
      28
      20
      24
      15
       9
      13
      23
      13
      14
       8
      14
      14
       9
      15
      14
      11
      12
       9
       9
      18
       9
       9
      13
      15
      20
      15
       8
       9
      18
      11
      11
       8
       5
      14
      12
       8
      16
       7
      14
      12
       6
      16
      13
      11
      14
       8
      12
       8
      12
      14
      10
      10
      10
      10
      11
       9
       5
       9
      14
      16
      12
      17
      13
      11
      20
      19
      24
      23
      29
      27
      18
      35
      28
      35
      25
      20
      33
      23
      41
      27
      36
      26
      23
      18
      25
      17
      16
      19
      13
      24
      32
      12
      14
      21
      24
      25
      20
      24
      34
      49
      41
      29
      44
      49
      39
      40
      45
      45
      43
      49
      40
      47
      35
      42
      28
      22
      25
      27
      24
      19
      18
      18
       9
      13
      12
       6
       8
      10
      13
      14
      11
      15
      15
      22
      16
      12
      15
      15
       6
      11
      22
      11
      10
      16
      13
      15
       9
      18
      12
       8
      14
      14
       8
      18
      15
      12
       8
       7
      15
       7
      13
      11
      10
       8
      15
      14
      18
      16
      17
      15
      12
      14
      10
       6
      17
      10
      10
      18
      12
       6
      12
      17
      20
      15
      16
      14
      12
      13
      13
       9
      16
      19
      13
      15
      17
      15
      13
      14
      15
      12
      11
       7
      12
       9
      18
      13
       9
      13
      19
      14
      16
      15
      11
      12
      11
      13
      13
      20
      16
      12
      14
       9
      16
       9
      15
      12
      12
      15
      12
       9
      13
       8
      16
      18
      14
      15
      10
      18
      11
       9
       7
       7
      13
      16
       8
      12
      15
      15
      11
      12
       9
      15
       7
      14
      12
      14
       7
      10
      10
      14
      14
       9
      14
      13
      16
      15
      11
      10
      10
      15
      10
      17
      10
      10
      17
      12
       8
      16
      18
      12
      16
      10
      19
      16
       5
      12
      15
      14
      15
      14
      15
      16
      10
      14
       8
      12
       8
      14
      12
       7
       7
      23
      13
      10
      15
       4
       9
      10
      14
      11
       8
      15
      12
      10
      13
      11
      10
      15
      12
      12
      16
      12
      13
      17
      11
      13
      12
       6
      13
       8
      17
       5
      17
      10
      11
      12
      10
      13
      11
       7
      12
      11
      16
      12
       9
      17
       9
      11
      14
      13
      16
      15
       9
      11
      18
      20
      22
      20
      17
      17
      18
      10
      10
      15
      16
      17
      11
      15
       9
      14
      10
      19
       8
      17
      16
      18
      15
      13
      10
      15
      17
       9
      16
      10
      19
      19
      12
      17
      17
      12
      16
      11
      11
      10
      11
      14
      14
      12
      12
      13
      12
       4
      20
       6
       7
      15
      13
      15
      13
      18
      11
      18
       8
       9
      10
      11
      10
      12
      14
      18
      15
      14
      10
      10
      13
      11
      13
      12
       9
      10
      18
      14
      12
      21
       8
       7
       7
      14
      16
      16
       9
      17
      11
      16
      13
      19
      19
      14
      17
       8
      24
      13
       7
      15
      10
      10
      12
      14
      17
      15
       9
      14
      15
       8
      15
      10
      16
      13
      16
      11
      10
      18
       6
      10
      14
      17
      15
      10
      16
      16
      14
      11
       9
      15
       9
       8
       6
      12
      12
      16
       8
      12
      13
      11
      17
      17
      10
      19
      20
      17
      12
       9
      24
      11
      11
      10
      10
      14
       9
      13
      11
      11
      10
      11
      15
      13
       9
      12
      13
       9
      17
      19
      14
      12
      17
      11
      18
      14
      16
      12
      11
      19
      13
      10
      20
      14
      13
       9
      11
      14
      12
      13
      11
      13
      10
      22
      19
       9
      13
      11
      12
      18
       9
      12
      10
      13
       9
      13
      16
      17
      14
      11
      11
      12
      12
      13
       9
      14
      19
      15
      15
      19
      19
      13
      14
      20
      16
      23
      28
      14
      23
      31
      25
      28
      30
      30
      31
      32
      39
      48
      25
      28
      36
      29
      29
      36
      29
      27
      49
      38
      33
      28
      25
      24
      14
      18
      21
      17
      19
      16
      21
      20
      17
      14
      15
      14
       7
      18
      20
      10
      11
      16
      14
       8
      17
       5
      15
       6
      14
      15
      18
      14
      17
       9
      15
      14
      14
      10
       9
      11
       6
       7
       8
       7
      13
      17
      16
      15
      12
      14
      14
      18
      11
      10
      12
      13
      19
      10
       9
       8
       9
      12
      13
      12
      23
       9
      14
      12
      12
      18
      18
      11
      20
       9
      17
      11
      10
       8
       7
       8
      16
      16
      11
      15
      18
      20
       5
      14
      13
       5
       9
      11
       9
      12
      15
      11
      14
      12
      17
      17
      15
      15
       5
      10
      14
      12
      12
      13
      12
      12
      10
      17
      15
      19
      15
      14
       7
      26
      11
       6
      19
      16
       8
      14
      16
      17
      13
      12
      21
      23
      19
      12
      24
      21
      13
      27
      15
      19
      21
      23
      17
      16
      15
      25
      13
      12
      14
      21
      18
      13
      17
      14
      15
      10
      14
      12
      17
      20
      13
      19
      24
      13
      17
      19
      13
      10
      11
      10
      15
      13
      10
       7
       7
       9
       8
       8
       6
      16
       7
      11
       8
      15
       6
       9
       6
       6
      11
      15
      10
       9
       8
      12
      10
       5
      10
      15
      11
       8
       8
      15
      10
       9
       9
       8
      10
       7
       9
       8
      14
       7
       8
       9
      13
      11
       8
      11
      11
       7
       4
      13
       3
       9
       3
       9
       7
       7
      13
       6
       3
       7
       5
       6
       8
       8
       9
       7
      11
       4
       7
      12
       5
       8
      14
      16
       9
       6
      13
       9
       8
      11
      15
      11
       9
      10
       8
       8
       8
      15
       8
      10
       7
      12
      11
       6
       8
       5
       6
      10
       4
      11
       7
       4
      10
       4
       6
       9
      10
      10
       9
       7
       8
       7
      12
       8
       7
       2
       6
       6
       7
      10
      11
      11
      11
       7
       5
       8
       8
       9
      10
       4
      12
      11
      12
       7
       9
      13
       6
       6
      10
       7
       7
       7
       7
       5
      13
       6
       5
       7
      11
       5
      11
      10
       8
      10
       3
      10
      11
       6
       7
       7
       9
       9
      17
       8
       6
      12
      15
      10
      13
      13
      12
      13
      16
      14
      14
      16
      18
      18
      15
      15
      17
      24
      21
      19
      15
      13
      12
      16
      14
       9
       9
      14
      10
       8
       9
       7
      10
      14
      11
      12
       7
       6
      13
      10
       9
       9
       8
       6
       5
       8
      10
      12
       7
      12
       5
      10
      10
       8
      13
      10
      10
       9
      13
       9
       8
      17
       9
       8
      10
       6
       7
       9
       7
      15
       5
       9
       5
      13
      15
      16
      13
      10
      11
      10
      11
      11
      14
      13
      13
       9
      11
       9
       9
      10
      12
      10
      14
       7
      10
       8
      11
       9
      16
      11
      11
       8
      10
       8
      12
       7
      10
       9
      11
      11
      11
       9
      12
      12
       5
      10
       6
       5
       8
       6
       9
       5
       7
       7
       6
       7
       5
       9
      12
       5
       4
       9
       6
      11
       4
       7
      12
       9
       7
      11
       9
       7
      16
       7
      13
       8
       4
       6
       8
       9
      11
       9
       2
       6
       4
       7
       7
       7
       7
      12
       3
       7
       5
       5
      12
       7
       5
       7
       9
       7
       9
       1
       7
       8
      11
       8
      10
       8
       9
       6
       9
       4
       7
       7
       6
       7
       6
       6
       8
       9
       8
       6
       9
       6
       4
      11
       5
       6
       4
       7
       4
       6
       4
       5
      11
       3
       3
       5
       3
      10
       5
       9
       4
       4
       3
       7
       7
      12
       5
       2
       3
       5
       5
       3
       6
       9
       3
       4
       7
       5
       5
       7
       5
       7
       6
       7
       4
       5
       6
       5
       2
       4
       5
       2
       4
       8
       8
       5
       7
       4
       9
       6
       8
       7
       5
       6
      10
       4
       4
       8
       6
       7
       6
      10
       5
      10
       9
       5
       4
       4
       4
       7
      12
       5
      13
       3
       5
       5
       6
       7
       6
       2
       4
       4
       6
       5
       5
       9
       6
       6
       9
       4
       6
       6
       5
       8
       4
       1
       6
       4
       8
       7
       6
       5
       5
       7
       3
       4
       4
       5
       2
       4
       4
       6
       1
       8
       6
      12
       4
       4
       2
       5
       7
       7
       4
       8
       4
       5
       7
       5
       6
       5
       4
       5
       3
       5
       3
       6
       5
       5
       5
       3
       6
       6
       6
       3
       8
       4
       5
      12
       6
       3
       7
       5
       5
       7
       5
       4
       9
       3
       9
       8
       6
      10
       9
       9
      11
      10
       7
       8
       3
       3
       5
       6
       3
       5
       8
      14
      13
       5
      12
       7
      21
      14
      11
      12
      14
      43
      75
      85
      85
      90
      78
      89
      86
      93
      89
      80
      83
      98
      83
      68
      95
      78
      93
      85
      86
      76
      54
      61
      73
      57
      87
      75
      69
      74
      88
      63
      94
      63
      78
      81
      60
      64
      87
      80
      67
      70
      69
      74
      72
      65
      68
      67
      78
      86
      82
      72
      64
      88
      65
      62
      74
      65
      83
      60
      71
      72
      70
      62
      56
      67
      77
      70
      81
      67
      66
      77
      63
      68
      74
      72
      78
      89
      66
      71
      66
      82
      76
      77
      68
      74
      74
      80
      84
      70
      73
      94
      50
      74
      85
      57
      69
      71
      81
      60
      77
      60
      73
      72
      71
      76
      80
      70
      63
      72
      74
      90
      70
      70
      53
      70
      68
      67
      58
      86
      72
      75
      71
      72
      73
      64
      67
      71
      77
      74
      65
      64
      71
      62
      71
      76
      64
      78
      68
      76
      78
      67
      52
      62
      71
      82
      66
      78
      72
      87
      63
      72
      56
      72
      61
      64
      85
      72
      65
      62
      59
      65
      63
      64
      57
      63
      56
      62
      44
      76
      64
      71
      67
      92
      76
      80
      70
      61
      66
      50
      74
      56
      62
      64
      76
      42
$ROI:
0
$PRESETS:
None
0
0
$ENER_FIT:
0.000000 0.000000
$MCA_CAL:
3
0.000000E+000 0.000000E+000 0.000000E+000 
$SHAPE_CAL:
3
0.000000E+000 0.000000E+000 0.000000E+000
