$SPEC_ID:
No sample description was entered.
$SPEC_REM:
DET# 7089150
DETDESC# PRAKTIKUM 926
AP# Maestro Version 7.01
$DATE_MEA:
01/27/2002 03:08:55
$MEAS_TIM:
76340 76353
$DATA:
0 8191
       0
       0
       0
       0
       0
       0
       0
       0
       0
       0
       0
       0
       0
       0
       0
       0
       0
       0
       0
       0
       0
       0
       0
       0
       0
       0
       0
       0
       0
       0
       0
       0
       0
       0
       0
       0
       0
       0
       0
       0
       0
       0
       0
       0
       0
       0
       0
       0
       0
       0
       0
       2
       7
      21
      54
     114
     150
     192
     204
     253
     217
     230
     244
     228
     193
     236
     220
     219
     199
     201
     176
     200
     192
     195
     189
     182
     202
     196
     195
     179
     160
     178
     177
     171
     180
     185
     164
     157
     143
     197
     141
     174
     150
     147
     171
     172
     156
     157
     151
     141
     161
     168
     134
     148
     154
     164
     139
     140
     167
     130
     147
     119
     125
     155
     133
     160
     140
     135
     153
     143
     138
     114
     144
     145
     166
     135
     152
     140
     125
     132
     142
     112
     171
     119
     113
     119
     139
     122
     130
     113
     128
     125
     129
     116
     132
     127
     119
     117
     143
     134
     120
     137
     120
     113
     112
     105
     117
     112
     121
     125
     104
     121
     105
      92
     112
     113
     117
     132
     123
     119
     122
     127
     128
     133
     107
     133
     107
     113
     106
     110
     118
      95
     124
     102
     104
     116
     109
     113
      85
     107
     108
     116
     123
      99
      86
      97
     124
      92
      92
      99
     102
     124
      98
      98
      98
     110
     101
     111
     102
      97
      99
     100
     101
     100
      93
      95
      96
     100
      69
     108
      92
      92
     118
      96
     110
     109
     102
      92
      98
     109
     100
     126
     126
     106
     111
      91
      91
     102
      93
      91
     105
      97
      99
     101
      96
      88
      94
     102
      89
      96
      91
      79
     103
     104
     106
      93
      94
      91
     105
      80
      97
      82
      99
     105
      84
     100
     101
     110
      73
     115
      91
     118
      94
      99
      90
     102
     107
      99
      76
      78
      99
      83
     107
      97
     102
      91
     109
      98
      93
      95
     107
     115
      95
     108
      85
     122
      94
      95
      92
     108
      95
     106
     111
      93
      91
      94
      99
      88
      96
      82
     101
      94
     129
     119
     111
     116
     108
     119
      81
      78
      95
     104
      90
     114
     105
      95
     102
      93
      93
     106
     100
      98
     101
      92
     103
     113
      93
      98
     110
     105
     103
     115
      88
      89
     115
     113
      99
      96
     116
      93
     117
     114
     113
      90
     144
     134
     141
     150
     170
     176
     171
     142
     162
     163
     135
     163
     187
     190
     209
     199
     242
     207
     146
     134
     144
     124
     116
     125
     139
     143
     116
     122
     112
     136
      92
     108
      99
     102
     112
     130
      97
     108
     127
     103
     121
     138
     127
     111
     120
     106
     110
     109
     113
     106
     102
     119
     125
     132
     119
     122
     139
     136
     129
     132
     159
     157
     170
     162
     145
     166
     158
     118
     134
     115
     134
     146
     160
     131
     157
     132
     136
     164
     137
     114
     136
     112
     133
     119
     139
     122
     121
     138
     140
     136
     117
     118
     127
     120
     123
     137
     118
     154
     165
     191
     173
     165
     168
     176
     146
     124
     112
     134
     128
     138
     142
     123
     145
     118
     112
     127
     101
     132
     112
     138
     141
     110
     143
     117
     120
     125
     127
     137
     120
     138
     126
     153
     130
     122
     118
     136
     126
     144
     128
     111
     136
     140
     125
     131
     142
     122
     123
     142
     125
     144
     148
     134
     125
     129
     119
     140
     142
     121
     114
     125
     127
     118
     133
     146
     149
     134
     142
     128
     140
     147
     149
     121
     133
     137
     114
     129
     153
     109
     139
     146
     133
     142
     137
     130
     121
     144
     137
     138
     148
     137
     139
     152
     146
     145
     127
     146
     152
     137
     145
     132
     129
     136
     123
     131
     120
     118
     130
     134
     159
     131
     117
     146
     134
     122
     138
     148
     148
     141
     162
     153
     159
     151
     148
     128
     157
     118
     165
     123
     149
     143
     145
     147
     145
     163
     133
     161
     124
     132
     132
     165
     156
     165
     136
     141
     132
     128
     132
     118
     130
     133
     139
     126
     141
     143
     140
     140
     165
     134
     159
     149
     134
     130
     127
     155
     145
     143
     133
     145
     127
     133
     138
     146
     145
     145
     154
     141
     119
     145
     125
     133
     149
     140
     132
     130
     136
     139
     134
     153
     146
     144
     133
     160
     138
     134
     161
     138
     148
     159
     141
     123
     130
     141
     153
     156
     142
     133
     138
     141
     132
     138
     142
     142
     135
     143
     141
     112
     147
     135
     130
     134
     130
     140
     143
     121
     155
     153
     144
     133
     143
     154
     128
     113
     125
     142
     153
     139
     148
     141
     126
     138
     134
     137
     142
     139
     157
     133
     123
     142
     146
     143
     143
     110
     152
     132
     132
     136
     125
     136
     133
     150
     132
     135
     110
     146
     162
     147
     142
     107
     114
     130
     136
     134
     143
     148
     117
     135
     125
     120
     139
     138
     125
     146
     129
     137
     143
     130
     129
     138
     122
     109
     136
     148
     124
     141
     128
     133
     149
     124
     128
     130
     130
     131
     121
     147
     112
     136
     146
     134
     131
     125
     135
     132
     118
     124
     130
     141
     123
     154
     138
     114
     124
     135
     124
     154
     132
     131
     129
     135
     124
     145
     118
     104
     128
     119
     118
     119
     120
     156
     118
     118
     152
     135
     134
     122
     128
     132
     124
     128
     124
     140
     131
     102
     131
     129
     114
     117
     121
     130
     133
     136
      95
     116
     111
     111
     109
     133
     110
     127
     107
     133
     119
     106
     107
     107
     148
     115
     120
     124
     112
     113
     125
     122
     110
     111
     124
     131
     120
      97
     126
      94
     114
     110
     117
     105
     118
     106
     110
     106
     128
     111
     118
     111
     125
     110
     113
     123
     116
     111
     127
     132
     120
     111
     104
     129
     109
      92
     147
     114
     111
     119
     115
     126
     119
     102
     100
     117
     111
      92
     110
     102
     114
     108
     118
     113
     144
     100
     116
     128
     101
     110
     124
      92
     119
     125
     122
     118
     142
     152
     143
     154
     159
     122
     121
     130
     119
     120
     108
     102
     120
     111
     103
      99
     105
      99
     109
      85
     105
     103
     111
     109
      70
     126
     112
     113
     100
     113
      95
      93
      86
      93
     107
     104
     111
     102
     116
      82
      99
     109
      78
     103
     103
      98
      93
      98
     112
      92
     131
     101
     112
      91
     104
     114
      90
      96
     101
     106
      83
     101
      85
      98
      91
      99
     101
      89
     111
     102
     112
     108
     107
      98
     112
     103
      96
      88
      96
      90
     131
     112
      96
      82
     103
     102
      99
     105
      94
     101
     107
     116
      89
      90
     106
      91
      98
      87
      86
     100
     106
      90
      77
      79
      91
      99
      94
     104
     106
      98
      91
      85
     104
     101
     104
      86
      97
      89
     104
      76
     108
      92
      95
     102
     105
      84
      94
      78
      85
      78
      97
      83
      90
      98
      96
      97
      88
      84
     109
      96
      88
     113
      87
      80
      91
     105
      88
      99
      86
      84
      83
     104
      78
      92
      91
     102
      89
      83
      95
      91
     100
      98
      92
      99
      80
      96
     104
      91
      88
      81
      79
      87
     104
      91
      86
      71
      97
      85
      69
      90
      85
      86
      92
      95
      87
      97
      88
      90
      91
      99
      77
      83
      93
      83
      68
      92
      78
     106
      85
      86
      92
      82
      74
      95
      95
      83
      76
      88
      85
      83
      72
      77
      90
      83
      71
     113
      85
      81
      69
      83
      80
      88
      70
      70
      78
      86
      74
      91
      79
      92
      94
      84
     110
      87
      70
      94
      78
      78
      73
      70
      88
      78
      66
      78
      71
      87
      94
      78
      73
      77
      71
     102
     104
     109
     112
     121
     127
      96
     141
     129
     110
      88
      95
      86
      73
      78
      73
      79
      93
      89
      95
      65
      79
      86
      90
      85
      96
      92
      72
      88
      85
      73
      74
      78
      90
      75
      71
      74
      75
      76
      65
      68
      67
      66
      77
      81
      69
      78
      78
      54
      89
      69
      79
      72
      67
      73
      82
      72
      65
      64
      81
      72
      86
      81
      67
      88
      63
      84
      76
      60
      69
      66
      79
      80
      59
      80
      66
      78
      74
      73
      78
      66
      67
      58
      87
      49
      83
      55
      63
      66
      67
      73
      69
      71
      74
      53
      74
      70
      62
      69
      62
      67
      73
      62
      74
      58
      63
      68
      69
      78
      84
      60
      77
      70
      62
      73
      55
      72
      70
      61
      58
      63
      53
      74
      49
      57
      90
      74
      79
      67
      57
      56
      75
      46
      84
      64
      51
      67
      51
      57
      58
      76
      77
      70
      51
      70
      59
      85
      66
      70
      66
      67
      67
      55
      62
      77
      79
      60
      57
      79
      56
      54
      55
      69
      71
      76
      56
      78
      63
      61
      64
      65
      55
      56
      70
      52
      57
      73
      48
      65
      59
      63
      78
      66
      49
      50
      70
      55
      71
      56
      63
      73
      58
      66
      79
      54
      62
      65
      70
      53
      57
      63
      58
      65
      77
      65
      63
      56
      70
      66
      54
      71
      48
      59
      64
      50
      56
      53
      49
      54
      76
      58
      52
      63
      61
      65
      60
      63
      50
      45
      63
      50
      58
      54
      48
      48
      54
      52
      52
      60
      60
      49
      48
      58
      67
      54
      53
      55
      62
      55
      44
      56
      63
      42
      46
      62
      52
      45
      51
      54
      70
      52
      57
      54
      57
      54
      47
      44
      59
      60
      56
      63
      73
      55
      71
      69
      66
      67
      77
      65
      83
      81
      67
      66
      70
      47
      70
      53
      61
      52
      50
      52
      64
      45
      48
      60
      45
      39
      64
      58
      56
      53
      71
      64
      49
      50
      49
      53
      43
      50
      50
      56
      63
      49
      65
      43
      56
      43
      59
      63
      53
      63
      53
      55
      33
      46
      51
      54
      41
      62
      44
      46
      46
      52
      44
      39
      48
      64
      54
      56
      43
      42
      40
      55
      55
      60
      54
      53
      52
      57
      54
      64
      43
      48
      50
      45
      47
      45
      56
      47
      58
      41
      49
      48
      36
      50
      45
      36
      46
      53
      56
      43
      51
      51
      54
      51
      38
      55
      60
      43
      53
      41
      49
      45
      51
      50
      33
      50
      46
      45
      46
      36
      53
      48
      44
      39
      45
      36
      50
      56
      47
      56
      47
      42
      50
      45
      42
      49
      47
      39
      43
      56
      53
      44
      53
      37
      47
      56
      56
      63
      48
      48
      53
      43
      45
      59
      43
      48
      46
      55
      49
      42
      46
      46
      49
      43
      41
      56
      53
      58
      52
      41
      51
      36
      50
      45
      32
      41
      44
      40
      44
      47
      48
      56
      43
      42
      49
      59
      43
      51
      47
      45
      43
      38
      57
      43
      48
      44
      38
      53
      40
      37
      44
      39
      45
      44
      47
      49
      35
      39
      42
      39
      59
      40
      42
      54
      54
      44
      66
      42
      52
      63
      38
      54
      39
      51
      35
      32
      38
      43
      45
      43
      46
      47
      49
      41
      45
      31
      50
      43
      40
      38
      50
      42
      38
      47
      36
      47
      44
      47
      34
      48
      43
      44
      39
      42
      42
      44
      28
      43
      48
      41
      48
      39
      37
      40
      36
      36
      44
      42
      39
      42
      34
      51
      51
      47
      56
      45
      71
      53
      61
      83
      72
      86
      79
      77
      65
      61
      40
      51
      54
      44
      42
      39
      46
      40
      38
      49
      35
      30
      41
      41
      34
      39
      34
      44
      38
      50
      34
      44
      50
      44
      49
      48
      45
      47
      43
      34
      33
      36
      47
      41
      36
      44
      41
      38
      39
      30
      41
      31
      41
      34
      30
      40
      43
      35
      40
      41
      37
      34
      34
      40
      34
      38
      40
      36
      35
      42
      39
      26
      54
      40
      35
      35
      23
      35
      47
      42
      42
      29
      27
      46
      35
      50
      45
      33
      38
      37
      44
      29
      38
      50
      43
      38
      38
      27
      38
      51
      38
      32
      35
      45
      33
      40
      32
      39
      34
      42
      33
      24
      43
      31
      34
      30
      36
      45
      41
      31
      35
      31
      32
      36
      40
      42
      42
      29
      52
      39
      35
      28
      34
      47
      30
      42
      44
      32
      33
      32
      28
      42
      43
      41
      36
      44
      42
      41
      26
      39
      37
      42
      50
      41
      31
      42
      41
      42
      40
      39
      34
      38
      35
      35
      31
      26
      31
      37
      36
      37
      34
      27
      31
      24
      38
      40
      39
      37
      27
      36
      21
      31
      37
      35
      40
      31
      41
      27
      34
      29
      25
      32
      42
      33
      29
      36
      41
      34
      40
      31
      29
      35
      28
      34
      25
      39
      29
      36
      29
      32
      44
      27
      36
      43
      39
      39
      29
      32
      28
      36
      21
      28
      31
      38
      39
      38
      33
      30
      42
      34
      35
      35
      40
      37
      37
      26
      43
      29
      30
      34
      30
      32
      32
      36
      34
      31
      43
      25
      29
      41
      41
      32
      25
      42
      30
      28
      24
      39
      37
      30
      28
      43
      24
      47
      40
      26
      31
      34
      26
      40
      29
      20
      22
      35
      28
      40
      34
      44
      32
      35
      38
      28
      23
      37
      42
      36
      31
      34
      34
      31
      47
      24
      28
      37
      33
      35
      26
      39
      34
      33
      27
      31
      30
      38
      37
      26
      30
      44
      37
      30
      31
      46
      34
      32
      37
      33
      32
      25
      36
      47
      34
      43
      31
      37
      34
      35
      41
      38
      26
      39
      27
      30
      44
      34
      27
      30
      29
      34
      25
      38
      31
      23
      26
      37
      35
      37
      36
      28
      27
      28
      36
      43
      28
      23
      33
      31
      35
      40
      28
      41
      30
      33
      30
      29
      20
      29
      34
      28
      32
      40
      36
      28
      31
      24
      35
      25
      32
      32
      33
      26
      19
      33
      25
      33
      29
      28
      40
      36
      31
      23
      32
      36
      22
      32
      22
      29
      36
      27
      28
      35
      34
      28
      26
      22
      31
      29
      28
      36
      26
      25
      25
      30
      36
      28
      31
      30
      26
      26
      30
      32
      27
      37
      29
      31
      39
      27
      36
      40
      32
      28
      31
      35
      33
      22
      22
      34
      29
      25
      22
      27
      31
      30
      30
      31
      28
      28
      29
      24
      23
      22
      33
      30
      28
      34
      28
      30
      24
      44
      21
      33
      28
      23
      30
      36
      31
      26
      31
      38
      35
      20
      40
      32
      36
      31
      35
      30
      34
      32
      27
      25
      28
      42
      26
      44
      34
      37
      34
      22
      27
      29
      31
      22
      31
      33
      31
      31
      33
      34
      23
      22
      32
      26
      49
      36
      32
      34
      19
      31
      20
      27
      34
      29
      20
      27
      22
      26
      22
      20
      24
      23
      26
      22
      27
      25
      33
      33
      23
      31
      25
      16
      32
      27
      25
      27
      30
      21
      20
      35
      52
      33
      36
      35
      22
      39
      34
      32
      32
      22
      33
      20
      37
      20
      22
      23
      25
      20
      30
      29
      35
      25
      25
      16
      22
      21
      23
      30
      39
      25
      34
      32
      24
      25
      23
      30
      22
      32
      25
      32
      36
      42
      24
      26
      22
      37
      24
      24
      23
      23
      29
      26
      27
      25
      36
      29
      21
      28
      21
      25
      29
      36
      21
      32
      29
      30
      27
      21
      27
      26
      33
      32
      27
      29
      21
      25
      29
      26
      29
      27
      22
      22
      19
      35
      22
      24
      31
      27
      23
      26
      27
      21
      28
      33
      24
      22
      26
      34
      24
      27
      41
      30
      26
      22
      31
      21
      28
      30
      27
      23
      27
      40
      27
      31
      31
      31
      17
      28
      29
      33
      34
      29
      19
      23
      28
      27
      23
      26
      21
      21
      24
      21
      18
      22
      27
      25
      26
      25
      25
      23
      32
      23
      27
      24
      21
      16
      20
      22
      23
      29
      27
      25
      18
      20
      23
      29
      14
      19
      34
      18
      30
      37
      26
       8
      29
      35
      20
      28
      27
      30
      29
      26
      28
      23
      30
      26
      25
      31
      24
      33
      27
      32
      31
      18
      19
      27
      24
      29
      16
      29
      18
      23
      14
      20
      29
      19
      24
      28
      15
      14
      25
      20
      34
      28
      20
      30
      37
      22
      24
      23
      29
      23
      24
      32
      20
      28
      34
      34
      37
      32
      33
      29
      40
      43
      42
      45
      43
      56
      59
      56
      60
      75
      78
      84
      75
      90
      77
      78
      83
      77
      53
      70
      40
      36
      35
      39
      28
      22
      23
      26
      23
      24
      36
      25
      22
      29
      11
      23
      28
      20
      15
      26
      25
      21
      27
      19
      21
      18
      25
      19
      25
      28
      21
      22
      28
      31
      21
      21
      32
      28
      24
      26
      26
      22
      18
      23
      26
      18
      18
      24
      29
      27
      28
      23
      13
      21
      22
      18
      16
      25
      22
      23
      25
      31
      23
      24
      25
      22
      28
      19
      25
      24
      21
      22
      22
      27
      30
      26
      27
      25
      17
      27
      15
      27
      22
      24
      17
      22
      18
      20
      16
      29
      22
      27
      29
      27
      29
      25
      13
      27
      25
      20
      16
      26
      12
      13
      18
      22
      23
      36
      25
      27
      32
      21
      24
      22
      29
      20
      25
      22
      16
      22
      25
      23
      18
      18
      21
      22
      24
      21
      32
      15
      25
      18
      14
      20
      20
      16
      18
      26
      25
      23
      30
      24
      30
      30
      29
      22
      22
      18
      23
      22
      26
      25
      27
      19
      19
      25
      34
      18
      28
      20
      15
      27
      14
      22
      28
      22
      18
      34
      24
      18
      20
      30
      31
      15
      22
      15
      18
      24
      24
      25
      26
      28
      21
      23
      14
      25
      19
      26
      22
      22
      32
      20
      21
      23
      17
      22
      19
      24
      24
      22
      27
      20
      24
      27
      20
      33
      20
      13
      24
      19
      15
      23
      19
      17
      18
      23
      29
      22
      25
      15
      18
      21
      21
      15
      23
      29
      23
      21
      24
      22
      10
      15
      31
      19
      32
      22
      30
      22
      18
      23
      22
      20
      25
      30
      16
      18
      25
      28
      22
      17
      25
      17
      26
      28
      15
      28
      21
      23
      19
      20
      23
      24
      22
      26
      27
      18
      16
      15
      25
      16
      25
      19
      17
      25
      18
      26
      18
      27
      29
      24
      21
      23
      21
      25
      16
      30
      18
      17
      15
      25
      24
      14
      23
      24
      19
      23
      21
      17
      16
      26
      28
      23
      26
      22
      20
      28
      23
      12
      19
      28
      16
      25
      31
      24
      18
      14
      22
      18
       8
      16
      21
      28
      22
      25
      22
      17
      19
      18
      16
      22
      24
      25
      21
      18
      22
      30
      34
      23
      39
      41
      36
      39
      39
      37
      40
      31
      26
      25
      19
      25
      22
      29
      22
      29
      20
      20
      24
      22
      14
      22
      12
      14
      26
      20
      15
      19
      21
      23
      13
      25
      23
      23
      17
      15
      27
      23
      18
      27
      25
      19
      20
      28
      11
      25
      13
      20
      22
      24
      22
      18
      18
      22
      18
      14
      19
      17
       6
      31
      21
      23
      16
      22
      24
      18
      27
      20
      21
      19
      22
      18
      18
      14
      24
      17
      19
      25
      20
      24
      33
      30
      17
      25
      21
      26
      18
      25
      14
      31
      15
      14
      17
      17
      25
      14
      14
      20
      17
      18
      15
      20
      14
      14
      16
      28
      20
      20
      21
      19
      20
      14
      17
      24
      23
      21
      12
      23
      31
      26
      23
      27
      32
      35
      36
      50
      50
      52
      51
      47
      58
      43
      51
      36
      29
      23
      22
      15
      20
      18
      27
      16
      21
      24
      13
      22
      14
      15
      12
      27
      26
      20
      12
      13
      18
      17
      22
      24
      24
      29
      15
      14
      22
      19
      14
      27
      19
      17
      29
      17
      11
      15
      18
      24
      16
      22
      12
      21
      15
      14
      15
      16
      15
      19
      18
      14
      14
      22
      21
      14
      12
      17
      14
      17
      17
      12
      19
      22
      11
      21
      18
      12
      21
      16
      16
      16
      13
      19
      21
      19
      24
      19
      23
      17
      23
      20
      21
      21
      17
      18
      18
      16
      19
      22
      20
      16
      15
      20
      22
      20
      22
      18
      18
      18
      19
      19
      17
      24
      19
      28
      23
      10
      17
      15
      15
      20
      23
      25
      22
      21
      19
      22
      24
      18
      16
      19
      21
      21
      17
      17
      26
      12
      21
      18
      23
      24
      22
      14
      18
      18
      20
      21
      14
      10
      21
      17
      17
      20
      15
      14
      15
      22
      19
      12
      17
      18
      16
      12
      11
      22
      15
      20
      20
      12
      21
      20
      23
      16
      18
      15
      23
      15
      20
      26
      14
      14
       9
      15
      19
      22
      15
      23
      21
      21
      22
      17
      11
      29
      20
      17
      13
      18
      16
      15
      19
       9
      18
      14
      19
      14
      26
      22
      20
      14
      20
      17
      20
      23
      15
      19
      16
      17
      21
      14
      15
      15
      16
      22
      18
      15
      11
      19
      10
       9
      19
      17
      12
      17
      19
      13
      17
      21
      16
       9
      19
      18
      16
      14
      23
      21
      12
      13
      20
      19
      26
      30
      22
      36
      34
      17
      39
      26
      32
      28
      37
      28
      27
      21
      19
      25
      25
      30
      25
      17
      17
      22
      13
       9
      18
      20
      11
      19
      23
      11
      25
      19
      20
      18
      14
      27
      18
      15
      13
      18
      21
      16
      10
      17
      12
      15
      13
      12
      17
      19
      21
      18
      22
      15
      15
      10
      15
      20
      18
      12
      15
      17
      22
      17
      17
      20
      12
      17
      22
      10
      22
      20
      17
      13
      17
      22
      29
      20
      19
      17
      20
      20
      20
      19
      13
      20
      10
      11
      22
      16
      12
      30
      15
      14
      24
      19
      12
      18
      11
      13
      12
      21
      17
      14
      16
      20
      13
      13
      21
      16
      17
      16
      11
      16
      14
      15
      18
      19
      18
      12
      19
      19
      10
      18
      21
      16
      16
      20
      13
      21
      17
      19
      18
      14
      12
      14
      17
      14
      24
      18
      15
      15
      19
      14
       9
      16
      12
      18
      21
      22
      16
      17
      18
      16
      19
      20
      15
      16
      14
      17
      16
      15
      17
      15
      18
      16
      14
      15
      16
      16
      17
      14
      13
      19
      19
      14
      15
      24
      12
      14
      23
      19
      20
      19
      16
      16
      16
      15
      20
      16
      20
      18
      15
      23
      12
      20
      20
      17
      15
       9
      16
      15
      18
      20
      21
      15
      17
      18
      15
      23
      22
      23
      19
      15
      12
      16
      17
      20
      19
      15
      14
      22
      11
      23
      18
      15
      22
      13
      11
      19
      21
      17
      14
      16
       8
      10
      18
      14
      15
      20
      16
      11
      23
      14
      19
      16
      14
      15
      17
      11
      26
      14
      14
      11
      18
      18
      10
      25
      19
      21
      19
      14
      20
      16
      14
      18
      23
      10
      14
      16
      15
      14
      16
      14
      22
      17
       8
      18
      21
      13
      16
      11
      15
      26
      19
      19
      18
      21
      13
      18
      21
      19
      23
      19
      25
       9
      17
      17
      26
      14
      14
      20
      18
      21
      11
      11
      14
      16
      12
      10
      15
      16
      24
      19
      15
      12
      21
      17
      10
      25
      19
      10
      15
      29
      21
      20
      23
      21
      22
      13
      14
      20
      16
      15
      23
      14
      11
      13
      17
      21
      15
      12
       9
      22
      16
      12
      13
      21
      12
      19
      21
      10
      13
      14
      15
      12
      20
      22
      12
      18
      16
      22
      16
      13
      12
      15
       9
      14
       9
      14
      18
      21
      14
      12
      22
      15
      14
      19
      16
      16
      13
      26
      18
      21
      25
      15
      10
      16
      15
      15
      18
      13
      10
      20
      13
      14
      19
      14
      22
      15
      16
      15
      11
      15
      13
       9
      11
      15
      20
       9
      15
      20
      17
      19
      17
      16
      13
      13
      19
      15
      12
      18
      15
       9
      21
      10
      10
      15
      15
      15
       5
      14
      18
      12
      13
      12
      13
       9
      17
      21
      16
      14
      14
      19
      15
      20
      15
      21
      23
      15
      12
      13
      11
      14
      19
      15
      19
      19
      18
      10
      13
      23
      16
      17
       6
       9
      10
      12
      14
      13
      19
      16
      20
      16
      19
      10
      13
      13
      18
      16
      14
      17
      14
      19
      16
      13
      18
      17
      12
      14
      15
      16
      16
      22
      20
      20
      12
       7
      11
      14
      16
      12
      19
      13
      19
      13
      21
      17
      11
      22
      16
      10
      15
      20
      17
      12
      15
      19
      13
      15
      20
      23
      25
      18
      23
      15
      15
      18
      10
      17
      14
      12
      20
      27
      22
      15
      14
      16
      12
      17
      16
      15
      13
      12
      12
      17
      18
      19
      12
      22
      13
      13
      13
      10
      13
      15
      15
      12
      11
      18
      11
      15
      15
      12
      12
      19
      15
      10
      14
      17
      12
       8
      12
      28
      17
      16
      12
      17
      14
      14
       9
      17
      23
      19
      16
      18
      16
      18
      13
      11
      17
      19
      10
      13
      12
      17
      21
      18
      14
      13
      12
      12
      21
      11
      18
      21
      17
      12
      17
      11
      15
      16
      13
       9
      13
      12
      16
      15
      13
      11
      21
      25
      17
      13
      14
      12
      12
      14
      24
      12
      15
      18
      14
      12
      15
      17
       9
      13
      16
      14
      15
      15
      13
      10
      15
      15
      19
      19
      17
      10
      16
      15
      20
      12
      18
      19
      12
      13
      12
      18
      18
      24
      22
      19
      11
      15
      19
      10
      10
      12
      10
       6
      13
      17
      14
      13
      13
      13
      14
      19
      21
      15
      20
      16
      19
       7
       8
      12
      15
      14
      13
      15
      16
      11
      12
       9
      16
      12
      10
      12
      10
      14
      10
      12
      21
      18
      10
      11
      15
      20
      15
      26
      17
      16
      18
      12
      15
      16
      14
      14
      17
      14
      14
      11
      12
      12
      22
      24
      18
      22
      16
      13
      13
      17
      14
      15
      17
      12
      12
      15
       8
      21
      19
      20
      15
      11
      18
      14
       9
      12
      10
       9
      13
      20
      16
      18
      12
      14
      15
      22
       6
      12
      16
       9
      13
       6
      17
      17
      18
      16
      12
      14
      17
      10
      10
      16
      23
      15
      16
      12
      13
       9
      18
      13
      12
       9
       8
      10
      10
       7
      23
      14
       7
      16
      17
       9
      12
      12
      16
      13
      12
      14
      10
      16
      13
      14
      20
      13
      19
      17
      14
      11
      16
      16
      18
      14
      11
      15
      20
      13
      12
      16
      15
       8
       9
       7
      15
      18
      16
      12
      14
      13
      11
      14
      12
      16
       9
      19
      20
       9
      24
      16
      16
      16
      12
      16
      12
      11
      14
      19
      11
      18
       6
      14
      15
      14
      14
      13
      28
      12
       9
      19
      15
      15
      19
      11
      10
      17
      17
      13
      16
      14
      17
      19
      12
      10
      12
      21
      13
      12
      17
      18
      17
      14
       8
      13
      11
      10
      11
      10
      17
      12
      10
      14
       9
       7
      18
      15
      11
      10
      15
       9
      12
      14
      13
      16
      14
      15
      15
      13
      12
       8
      12
       7
      12
       7
      12
      19
      11
      10
       5
       9
      16
      10
      19
      12
      13
       7
      10
      14
       8
      18
       8
      13
      10
      16
      10
       9
      11
       7
      11
      14
      14
      14
      17
      14
      16
      12
      17
      14
      12
       9
      19
      15
      10
      14
      11
      17
      10
      20
      13
      16
      13
      12
      15
      13
      16
      11
      12
      13
      18
      16
      18
      11
      11
      17
      12
      15
       9
      12
       6
      10
      13
       7
      11
      18
      14
       9
      13
      12
      13
      16
      15
      20
      12
      16
      10
      12
      14
      12
       9
      19
       5
       8
      13
      14
      11
      14
      15
      13
      14
       9
      11
      14
      20
      14
      17
      15
      15
      15
      10
       8
      18
       7
      16
      17
       8
       9
      15
       9
      20
      17
      11
      14
       8
       9
      12
       9
      18
      14
       9
      17
      14
       9
      12
       9
      19
      17
      15
      11
       7
      13
       7
       6
      13
      15
      16
      12
      13
      18
      16
      17
      11
       8
       8
      20
      15
      10
      16
      14
      12
       7
      16
      17
      16
      17
      13
      12
      17
      20
      11
      13
      13
      12
      13
       9
      13
      10
       8
      14
      15
      16
       9
      12
      19
      15
      11
      13
      17
      11
      13
      10
      16
      16
      14
      13
      14
      12
      13
      16
      14
       9
      10
      14
      15
      15
       9
      12
      19
      16
      13
      12
      12
      20
      10
      12
       7
      13
      14
      12
      12
      14
      13
      13
       6
      18
      16
      15
      14
      11
       7
      14
      14
      13
       7
      16
      17
      10
       9
      12
      12
       8
      11
       7
      10
      13
      12
      13
      14
      15
      10
      17
      15
      10
      17
      12
      12
      15
      13
      11
       9
      10
      10
      11
      16
      11
      14
      15
      17
      10
      10
      13
      14
      11
       9
      14
      10
      10
      10
      14
      20
      11
      10
      13
      14
      15
      19
      15
      12
      17
      18
      14
      19
      23
      19
      21
      23
      24
      27
      24
      25
      23
      22
      17
      21
      16
      19
      10
      17
      10
      18
      16
      10
      15
      18
      15
      10
      10
       5
      11
      14
      10
      12
      10
       8
      10
      11
      13
      12
       9
      13
      14
      13
       8
      18
      16
       9
      17
      13
      10
       9
      11
      15
      17
      10
       8
       8
      17
      12
      10
      13
      10
      15
      18
       8
       9
      10
      12
       5
      13
       9
      14
      17
      11
       8
       9
      16
      15
      16
      12
      10
       7
      12
      18
      10
       8
      18
      19
      11
       9
       9
      18
      11
      11
      13
       9
      11
       4
      17
      20
      12
      15
      13
      15
      15
      13
      10
      12
       8
      10
      18
       9
      11
      16
      13
      17
      13
       8
      12
      14
      10
      10
       9
      11
       9
      17
       6
      12
      14
      11
      10
      14
      13
      13
      12
      18
      10
       7
      12
       8
       8
      15
      11
      10
      10
      10
      12
       5
      10
      15
      16
      12
      11
      14
      14
       8
      12
      10
      18
      12
      13
      10
      16
      11
      14
       7
      13
       9
       5
       9
      12
      12
       9
       8
      13
       8
       9
       9
       9
       6
      13
      10
      13
      10
      13
      10
      14
       8
       8
      10
      12
       7
      22
      15
      11
      17
      22
      17
      13
      15
      12
       6
      11
      10
      10
       8
       7
       7
      16
       7
       9
       7
      16
      11
       7
      10
       9
      12
      10
      10
      13
      12
       7
       8
      15
      16
       7
      15
      18
       8
      14
       8
      10
      21
      11
       9
       5
      17
       4
      18
       9
      12
       4
      12
       7
      13
       8
       8
      12
      10
       7
       4
       9
      15
      18
      11
      11
      10
      13
      11
       8
      12
      14
      14
      22
      17
       9
      12
      16
      17
      19
      14
       7
      15
       8
       9
      11
      17
      19
      18
      11
      12
      14
       9
      15
      26
      22
      21
      18
      28
      15
      24
      20
      13
      16
      13
       8
      17
      14
      12
      13
       7
      10
      13
       7
      13
      11
       8
      17
      13
       7
      14
       9
       9
       8
      14
      11
      15
      12
      16
       9
      13
      14
      15
      14
      10
      13
      12
       9
      11
       9
      10
       9
       5
       7
      13
      12
      11
       7
       9
       5
      12
       4
      13
       7
       8
      11
      10
      12
       7
      13
       5
      12
      12
      12
       9
      14
      10
       7
      10
       7
       9
      16
      11
       7
       9
       7
      13
       9
      10
      12
      15
      12
       8
       9
      12
      16
       9
      14
       5
      16
       8
      20
      13
       8
      14
       8
      14
       9
      10
      13
       7
      10
       5
       7
      11
      17
      11
      15
       8
      10
      18
       5
       8
      10
      14
      14
       9
       8
       4
      10
       6
       4
      12
      11
       6
       9
       5
      13
       7
      11
      10
      13
      11
      12
      16
      10
      14
      11
       6
      15
      10
       9
      10
      10
      10
      13
      11
       9
       9
      11
      15
      12
      16
      10
      11
      17
      16
      14
      17
       7
      11
      10
      13
       8
      13
      11
       6
      11
       9
      14
      12
       8
      14
       9
       8
      12
       6
      12
      10
       6
      15
       8
       8
      10
       8
      10
      13
      10
       7
      10
       8
      12
       7
       7
       9
       8
       9
      11
      12
       9
       7
      12
      12
      14
      12
      13
       4
       9
      10
      14
       9
      12
      10
       6
      12
       9
       7
      11
       6
       8
      14
       8
       8
      11
       8
      10
      17
      11
      12
       9
       8
      10
       9
      13
      12
       9
       9
      16
      15
      10
      17
       8
      10
      12
      12
      10
       7
       8
       8
      12
       1
      17
      14
      10
       7
      11
       5
       9
      10
      16
      13
       6
      10
       8
       7
       8
       9
       9
      14
      10
      13
       8
      15
      11
      14
      10
      13
      10
       9
       8
       7
       7
      10
      10
      11
      12
      15
      11
      11
       7
      10
       9
       8
      11
      10
       7
      10
       8
      11
       8
      10
       9
       8
      16
      10
       4
      10
       5
       8
       7
       6
      12
      10
      11
       9
      12
      12
       5
       9
      12
       5
       9
      12
      10
      16
       9
      12
      13
       8
      12
       9
      12
      13
      12
      11
       8
      10
       9
      11
       9
      14
       8
      14
      13
      15
      16
       9
       5
       2
       8
      19
      13
      13
      14
       6
       7
       8
       9
      10
      11
      14
       8
       4
      14
      11
       7
      13
      13
      12
      13
       7
       7
       6
      10
      11
       8
       7
       5
       9
      13
      10
       9
       9
       9
       5
       8
      16
       9
      14
       8
      19
      11
      11
      15
      14
       5
       5
      11
      15
       8
       8
       5
      12
      19
      10
       7
       9
       5
      13
      12
      10
       7
       6
      15
       9
       9
      11
       3
      10
       9
       6
       6
       8
       8
       9
      11
       9
      10
       8
       7
      17
      12
       9
       6
       8
      12
      12
       6
       6
       9
      14
      15
      13
      13
       6
      10
      13
       4
       9
       5
      10
      10
      11
       6
      19
       7
      15
      16
      10
      13
       8
      13
       9
      17
      11
      12
       5
       6
       7
       9
      10
       9
       6
      16
      13
      12
      13
      11
      12
       6
       9
      12
      11
      12
      22
      10
       6
      17
      11
      12
       8
       8
       5
      12
      12
      10
       7
      10
       7
      11
      14
      17
      10
       9
      10
       5
       6
       9
       9
       6
      11
       7
       5
       5
       4
      14
       5
      11
       5
       8
       8
       9
       4
      16
      15
      10
      11
       8
      13
       3
      11
       9
       7
      11
      10
      11
      14
       7
       5
      14
       6
       9
      10
      11
      13
      13
      10
       6
       9
       6
      14
      10
      10
       2
       8
       6
       7
      11
       7
      10
      13
       6
      21
      11
      17
      10
       7
       8
      11
       7
       8
       9
       7
      10
       9
       8
      13
       6
      10
      11
      10
       7
      15
       7
       9
      11
       9
      12
       6
      10
       7
       6
       8
      11
      11
       8
      11
       6
      13
      12
       9
      11
       6
      14
       7
       5
       8
      12
       9
      10
      12
       9
      11
       7
       9
      12
      10
       9
      10
       8
      14
       9
      11
       3
       7
      18
      10
      13
       9
       9
      10
       5
       7
       7
      12
       9
       8
      12
      11
       7
       7
       8
      13
       6
       7
      10
       8
      14
      10
       9
       8
       9
      11
      11
      10
      11
       6
       7
      11
      14
       8
      10
      15
      13
      10
       8
       5
      13
       7
       9
      10
       8
       7
       5
      10
      13
       8
      13
      14
       9
      10
       7
      12
      11
      12
      11
       9
      10
      10
      13
       8
       5
      10
      11
       7
      10
      10
       4
      14
      14
       7
      10
      12
      11
       9
      13
       8
       8
      10
      12
      11
      11
      13
       5
      10
      11
      13
      13
      16
      14
      23
      21
      22
      21
      17
      27
      23
      19
      22
      28
      27
      20
      20
      23
      21
      20
      17
      12
      16
      11
       7
       5
       8
      12
      11
      10
       9
       8
       3
      10
      12
       7
      10
      10
      11
       6
      13
      10
      11
       8
      13
      12
       5
      10
       8
       9
      12
       9
       7
       3
       8
      11
      10
       9
       8
       4
       8
       7
      17
      10
      12
       9
      10
      15
      13
      10
      10
       6
       7
      11
      15
      13
      11
       8
      14
      11
       8
       9
       9
      17
       9
       8
      10
      12
      15
       7
      18
      12
      11
      10
       9
       7
      14
      12
      11
       2
      12
      13
      10
      15
       8
       7
       8
      10
       3
       5
      11
       6
      15
       4
       8
      11
       6
       6
      10
      10
       7
      15
      10
      10
      13
       5
      14
       5
       7
       5
       7
      12
       7
       8
      12
      10
       9
       6
      12
       8
      17
       8
       7
      12
      12
      12
       9
      15
      10
       8
      17
      11
       9
       8
       5
      10
       9
      10
       8
      10
       7
      13
       9
      16
       8
       9
      10
       6
      13
       8
      11
       9
      11
      12
      10
      12
      12
       9
      10
       9
      15
      11
      14
       6
       9
      15
      13
      12
       4
      11
       8
       9
      12
       9
      12
       8
       9
      10
       9
      15
      13
       7
      10
       7
      10
       8
       6
      12
       6
      10
       7
       8
       7
       9
      14
       4
       8
      10
       5
       7
       5
       5
       7
      12
       5
      10
       4
      11
       4
      10
      10
       3
       8
       4
      10
       6
       7
       9
      11
       8
       6
      10
       8
       5
       8
      14
      15
       7
      11
       4
       3
      13
       6
       8
      10
      11
      10
      11
       7
       8
      10
       7
       7
       5
      11
       3
      11
       8
      15
       9
       4
       6
      10
      11
       6
      13
       4
       5
       9
      10
      12
       7
      11
       8
       8
      12
       0
      12
       7
       4
       8
      17
      10
       5
      11
      12
      13
       9
       7
       8
       9
      10
       9
       8
       8
      11
      10
       5
      12
       5
       8
      11
      11
      12
       7
      10
      13
       4
      10
      10
      10
       7
       9
      11
      10
       7
       6
      14
      16
      10
      15
       8
      10
       6
      10
      10
       8
       7
      12
       6
      10
       7
       9
       5
      14
       5
       7
       6
       7
       8
       8
      11
      10
      11
       6
      11
      18
       6
       6
       8
       7
      11
       7
      10
       8
       9
       9
      10
       6
      13
      12
       9
      14
       9
       9
      12
       7
      12
      11
       8
       9
      13
       9
       9
       5
       8
       8
      12
      10
       7
       7
      14
       8
       3
       8
      11
      10
      12
       7
       9
      17
      10
      10
      11
      11
       9
      11
      18
       8
      15
       6
      11
      11
       5
      13
       4
      11
      10
      11
      10
      12
       8
      10
      11
      18
      13
      12
       7
      14
      13
       6
       5
       6
      12
       5
      12
      11
       6
      15
       7
      11
      10
       9
      15
       9
       8
       7
       8
      13
      10
      10
       9
       9
      13
       8
       9
       8
       8
      15
      10
      13
       5
      13
       9
       9
      12
       9
       4
      11
       8
      12
       9
      11
       8
       8
      10
      11
      12
       9
       5
       9
       4
       9
      11
       6
      10
      10
       8
      10
       5
       5
      12
       2
      10
       8
      12
      10
       6
      15
       7
       6
       9
       4
       8
      14
      10
       8
       6
       8
      14
      13
       8
       3
      13
       6
       9
      10
       9
       9
      12
      11
       5
      14
      11
      10
       9
      11
      10
       4
       8
      12
       6
      12
      12
       7
       9
       9
      15
       8
      12
      13
       3
      15
      11
      11
       9
       7
       8
       6
      11
       3
      14
       6
      10
      11
      11
       5
       6
      11
       8
      15
       9
      10
       6
      13
       4
      12
      11
      19
      13
      12
      15
      13
      13
      15
       8
      15
      16
      18
      10
      13
      11
      12
      18
      14
      12
      15
      13
      12
       9
      13
      14
      10
       8
      10
      11
       5
       9
      12
       9
       4
       5
      13
      10
       8
      10
       9
       8
      10
       8
       8
      11
       8
       7
       6
      11
      11
      11
       6
       5
       6
       6
       6
       6
       8
       8
       4
       7
       9
       5
       5
       7
       8
       6
       6
      12
       6
       8
       5
      10
       7
       6
      10
       5
       5
      11
       8
       7
      11
       6
       7
      11
       9
       7
      10
       2
       9
      10
      10
       7
       9
       6
       7
       9
       3
       4
       5
       4
       7
      11
       5
      11
       9
       5
       5
       5
       7
       8
       8
       5
       8
       7
       3
       7
       3
       9
       9
       7
       9
       7
       8
       5
      14
       8
       7
       4
      13
       7
       5
       4
       7
      10
       9
       6
       7
       6
      10
       6
       7
       4
       7
       8
       5
       8
       9
       4
       7
       9
       7
       4
       5
      12
       9
       6
       5
      11
       5
       6
      10
       9
       8
       1
       4
       8
       2
       6
       3
       8
       5
       8
       6
       6
       8
       7
      10
      12
       9
       3
       5
      10
       8
       5
       6
      10
       9
      11
       8
       6
       5
       7
       7
       5
       9
       9
       8
       7
      10
       8
       6
       7
       6
       3
       6
       7
       5
      14
       7
       6
       6
       9
      11
       6
       7
       8
       8
      11
      10
      10
       9
       8
       7
       7
       6
      11
       6
      11
       4
       4
       9
       6
      11
      10
       3
      11
       8
       7
      10
       5
       9
       5
       2
       6
       5
      10
       6
       4
       9
       3
       5
       8
       4
       2
       4
       7
       5
       4
       5
       4
       6
      13
       7
       5
      10
       9
       6
       7
       5
       5
       6
       8
       7
       9
       3
       2
      14
       6
       6
       6
       9
       7
       9
       6
       5
       7
      12
       6
       3
       6
       7
       8
       5
       3
       9
       9
       7
       2
      11
       8
       9
       4
       6
       6
       5
       7
       4
       9
      12
       5
       5
      11
       5
       1
       4
      10
       4
       7
      12
       3
      11
       5
      10
      10
      10
       8
       3
       8
       5
       8
       3
       4
       7
       4
       6
       8
       8
       6
       2
      10
       6
      10
      12
       5
       5
       2
       7
       6
      11
       8
       5
       7
       8
       6
       7
       4
       3
       6
       5
      10
       5
       8
       3
       7
       4
       6
       4
       5
       6
       4
      10
       6
       6
       5
       2
       4
       5
       9
       5
       5
       5
       7
       3
       5
       5
       5
       8
       5
       4
       3
       7
       6
       9
       7
       7
       6
       6
       4
      10
       4
       3
       2
       7
       7
       5
       3
      10
       6
       2
       6
       8
       6
       5
       6
       9
       7
       9
       4
      10
       7
       2
       5
       4
       6
       8
       5
       7
       4
       4
       5
       4
       6
       5
       9
       2
       7
       5
       7
       3
       9
       6
       3
       2
       7
       4
       6
       4
       7
       2
       5
       4
       6
       5
       3
       6
       8
       3
       7
       8
       6
       7
       5
       7
       4
       5
       5
       5
       2
       9
       4
       4
       7
       6
       3
      13
       6
       5
       3
       6
       5
       8
       3
       4
       6
       4
       1
      11
       9
       4
       6
       3
       5
       6
       5
       6
       2
       3
       5
       2
       9
       4
       8
       4
       5
       6
       7
       8
       7
       2
       6
       2
       4
       5
       4
       5
       5
       4
       6
       7
       6
       4
       7
       8
       7
       5
       6
       4
       5
       5
       5
       3
       3
       9
       2
       6
       6
       5
       2
       9
       5
      11
       6
       6
       5
       1
       4
       4
       6
       6
       8
      10
       5
       2
       6
       3
       5
       8
       7
       9
       3
       7
       9
       7
       2
       4
       5
       5
       8
       7
       7
       5
       8
       5
       6
       1
       4
       3
       5
       9
       4
       5
       3
       4
       3
       4
       5
       3
       3
       3
       4
       7
       4
       2
       4
       3
       9
       2
       0
       7
       3
       5
       7
       3
       2
       7
       3
       7
       6
      10
       7
       5
       7
       5
       3
       7
       3
       6
       3
       6
       8
       4
       6
       6
       5
       7
       7
       7
       7
       3
       5
       2
       2
       7
       5
       2
       7
       2
       6
       8
       2
       5
       8
       7
      10
       1
       4
       4
       5
       4
       7
       5
       3
       6
       6
       5
       6
       8
       3
       4
       4
       6
       3
       6
       6
       8
       8
       4
       6
       5
       4
       5
       9
       7
       7
       7
      11
       7
      11
       7
       6
      11
       8
      10
      11
       6
       5
       9
       7
       8
      11
      11
       7
      14
       7
       7
       4
       3
       8
       7
       4
       3
       8
       8
       3
       8
       4
       7
       5
       4
       4
       4
       5
       2
       3
       5
       7
       5
       4
       6
       4
       2
       5
       8
       9
       6
       7
       8
       9
       7
       5
       3
       3
       3
       6
       7
       5
       7
       5
       3
       7
       4
       3
       5
       2
       4
       7
       4
       2
       6
       4
       6
       7
       3
       3
       4
       5
       3
       4
      10
       5
       6
       5
       3
       6
       2
       6
       4
       3
       8
      10
       7
       6
       4
       5
       6
       2
       9
       4
       4
       5
       5
       4
       3
       5
       5
       5
       4
       7
       7
       3
       6
       5
       3
       3
       7
       0
       4
       7
      11
       3
       4
       6
       4
       7
       4
       5
       8
       6
       6
       3
       4
       3
       3
       3
       6
       4
       1
       8
       2
       5
       5
       5
       7
       6
       7
      10
       9
       9
       5
      11
       7
      15
       5
      13
       8
       7
       8
       6
       9
       7
       7
       5
       5
       5
       4
       6
      10
       6
       4
       6
       7
       5
       4
       4
       8
       5
       3
       5
       5
       4
       6
       9
       8
       4
       3
       4
       3
       3
       8
       8
       3
       2
       5
       5
       6
       7
       4
       2
       2
       8
       3
       6
       2
       2
       6
       7
       3
       3
       6
      10
       5
       4
       4
       2
       5
       2
       4
       6
       7
       3
      10
       6
       6
       3
       3
       3
       6
       2
       2
       4
       4
       8
       1
       1
       6
       2
       3
       3
       6
       8
       4
       9
       7
       3
       2
       3
       7
       4
       4
       0
       9
       3
       6
       3
       8
       6
       4
       1
       2
       5
       6
       8
       8
       3
       2
       5
       4
       4
       2
       5
       2
       1
       4
       2
       5
       1
       5
       1
       6
       6
       5
       3
       4
       3
       8
       7
       8
       4
       4
       4
       7
       6
       4
       3
       3
       4
       4
       2
       6
       3
       4
       7
       4
       3
       7
       3
       1
       4
       7
       6
       6
       5
       3
       3
       4
       4
       7
       6
       8
       4
       6
       2
       2
       3
       4
       3
       1
       3
       3
       7
       1
       2
       2
       1
       7
       5
       7
       4
       8
       2
       3
       7
       5
       1
       8
       3
       2
       4
       7
       4
       3
       4
       2
       3
       4
       5
       8
       2
       2
       8
       5
      12
       5
       5
       4
       3
       7
       5
       4
       6
       6
       4
       7
       3
       5
       3
       5
       8
       8
       3
       7
       8
       3
       7
      14
       9
       9
      15
      12
       6
      23
      28
      33
      24
      30
      52
      33
      48
      48
      58
      50
      61
      61
      77
      97
      83
      69
      87
      83
      69
      73
      68
      58
      47
      46
      24
      18
      19
      10
       4
      12
       6
       5
       2
       5
       1
       4
       5
       5
       5
       4
       3
       2
       2
       1
       3
       2
       7
       3
       0
       3
       3
       2
       7
       3
       3
       5
       9
       2
       3
       5
       2
       0
       3
       3
       5
       4
       4
       3
       3
       4
       6
       3
       2
       2
       3
       3
       1
       2
       0
       1
       2
       3
       4
       3
       4
       3
       1
       4
       2
       6
       5
       5
       2
       5
       4
       2
       3
       3
       4
       2
       2
       4
       3
       4
       2
       2
       2
       3
       5
       3
       5
       5
       4
       3
       3
       9
       1
       7
       5
       3
       3
       1
       4
       2
       3
       6
       1
       7
       3
       1
       6
       4
       1
       1
       5
       4
       1
       3
       2
       8
       5
       1
       3
       5
       9
       3
       1
       2
       7
       8
       5
       1
       3
       3
       1
       2
       2
       1
       3
       4
       2
       5
       6
       3
       3
       3
       5
       0
       1
       0
       1
       4
       5
       6
       5
       2
       7
       2
       1
       5
       3
       0
       8
       5
       3
       4
       5
       0
       2
       1
       2
       5
       4
       5
       1
       5
       1
       0
       7
       6
       3
       5
       7
       0
       2
       5
       3
       4
       5
       2
       5
       2
       3
       4
       5
       2
       2
       4
       4
       5
       7
       0
       2
       2
       2
       4
       3
       5
       2
       3
       7
       3
       5
       3
       8
       3
       4
       2
       4
       4
       1
       2
       5
       7
       5
       7
       7
       9
       3
       1
       3
       5
       3
       6
       2
       5
       8
       4
       3
       3
       3
       3
       4
       5
       4
       8
       4
       7
       5
       4
       2
       3
       2
       3
       2
       4
       2
       6
       4
       2
       5
       6
       5
       0
       1
       2
       3
       4
       3
       1
       6
       4
       2
       2
       4
       1
       4
       2
       2
       3
       3
       4
       4
       2
       4
       5
       1
       5
       1
       3
       3
       7
       4
       7
       1
       6
       5
       2
       2
       2
       0
       6
       2
       3
       2
       4
       4
       4
       5
       3
       4
       1
       0
       4
       7
       1
       4
       4
       6
       5
       3
       1
       3
       6
       3
       1
       1
       3
       4
       2
       4
       1
       2
       3
       5
       1
       3
       4
       4
       2
       3
       7
       5
       2
       2
       7
       7
       2
       2
       2
       1
       4
       6
       5
       5
       1
       1
       7
       5
       0
       3
       3
       4
       3
       3
       7
       3
       1
       2
       1
       6
       6
       3
       7
       7
       4
       5
       3
       3
       2
       4
       4
       3
       3
       3
       3
       3
       1
       3
       4
       6
       5
       5
       2
       3
       5
       2
       1
       3
       2
       3
       3
       3
       4
       1
       1
       2
       2
       7
       3
       4
       3
       4
       4
       2
       2
       1
       3
       1
       1
       3
       5
       3
       2
       2
       1
       4
       3
       4
       4
       4
       4
       3
       2
       9
       4
       3
       6
       2
       1
       3
       2
       2
       1
       6
       3
       3
       2
       5
       1
       4
       4
       4
       5
       4
       4
       2
       2
       4
       4
       2
       1
       2
       4
       1
       3
       5
       2
       4
       1
       1
       2
       5
       0
       2
       1
       4
       3
       1
       2
       2
       6
       1
       5
       4
       4
       0
       9
       4
       4
       2
       4
       2
       3
       4
       4
       2
       3
       3
       1
       4
       2
       7
       3
       6
       7
       5
       3
       6
       6
       0
       3
       3
       2
       1
       5
       1
       4
       2
       3
       3
       2
       2
       5
       3
       2
       1
       2
       4
       3
       1
       5
       2
       5
       3
       3
       2
       3
       1
       2
       2
       4
       3
       1
       1
       1
       4
       5
       2
       3
       4
       6
       5
       5
       3
       1
       2
       5
       3
       2
       4
       2
       5
       5
       5
       2
       3
       1
       3
       1
       2
       0
       3
       2
       5
       5
       3
       4
       6
       5
       5
       4
       5
       6
       6
       2
       2
       3
       2
       1
       7
       0
       4
       1
       3
       3
       2
       4
      11
       4
       3
       0
       8
       2
       1
       7
       6
       2
       2
       7
       4
       4
       2
       8
       3
       6
       5
       7
       5
       4
       3
       6
       2
       9
       8
       6
       4
      10
       8
       6
      10
       6
       6
       5
       7
       7
       6
       6
       4
       6
       5
       6
       4
       4
       5
       7
       3
       2
       3
       7
       2
       4
       1
       5
       2
       1
       4
       1
       1
       2
       3
       4
       4
       1
       1
       0
       5
       1
       0
       3
       2
       6
       4
       4
       3
       5
       2
       5
       1
       3
       1
       2
       1
       3
       0
       2
       3
       3
       2
       4
       2
       6
       2
       4
       5
       3
       2
       3
       0
       1
       7
       1
       2
       3
       2
       3
       5
       3
       3
       2
       3
       4
       4
       3
       4
       4
       1
       5
       2
       2
       2
       5
       2
       1
       0
       1
       1
       3
       2
       3
       2
       1
       3
       3
       3
       3
       2
       1
       5
       3
       1
       6
       2
       3
       0
       2
       3
       6
       4
       4
       4
       3
       4
       4
       1
       3
       1
       3
       3
       1
       4
       2
      10
       1
       4
       3
       2
       3
       2
       2
       3
       4
       4
       2
       2
       1
       4
       1
       3
       3
       2
       1
       3
       2
       5
       1
       2
       2
       5
       3
       0
       1
       1
       0
       2
       4
       1
       5
       2
       3
       1
       2
       3
       4
       3
       0
       3
       2
       4
       5
       4
       3
       4
       5
       1
       1
       3
       1
       4
       3
       0
       7
       5
       5
       3
       2
       4
       5
       1
       3
       3
       2
       1
       0
       3
       2
       2
       1
       1
       5
       2
       5
       2
       3
       2
       3
       0
       0
       7
       1
       1
       1
       2
       1
       3
       6
       2
       0
       3
       2
       3
       1
       2
       1
       1
       1
       3
       1
       2
       1
       5
       1
       2
       3
       4
       5
       2
       4
       2
       3
       3
       1
       3
       2
       3
       2
       4
       2
       2
       0
       1
       4
       0
       1
       1
       2
       2
       5
       3
       1
       0
       2
       3
       1
       2
       1
       1
       5
       2
       2
       2
       4
       1
       2
       2
       2
       8
       2
       0
       2
       3
       3
       0
       3
       3
       2
       1
       0
       5
       0
       3
       4
       3
       3
       3
       3
       3
       0
       1
       2
       6
       2
       5
       2
       2
       1
       2
       0
       2
       4
       6
      31
      47
      38
      29
      39
      45
      46
      47
      52
      41
      46
      44
      40
      28
      36
      39
      36
      51
      37
      47
      39
      33
      30
      41
      29
      45
      39
      46
      36
      43
      42
      39
      49
      35
      37
      48
      44
      36
      33
      43
      42
      34
      39
      49
      38
      37
      41
      45
      37
      34
      27
      34
      36
      32
      46
      42
      42
      33
      36
      43
      46
      51
      49
      38
      43
      39
      30
      39
      50
      40
      42
      44
      46
      50
      43
      39
      44
      49
      39
      43
      36
      31
      26
      36
      52
      33
      46
      41
      33
      24
      43
      32
      37
      46
      30
      38
      41
      41
      36
      40
      28
      43
      41
      45
      28
      50
      38
      49
      47
      50
      40
      31
      39
      38
      35
      34
      45
      40
      35
      40
      34
      35
      35
      41
      45
      45
      42
      45
      35
      42
      33
      27
      49
      46
      48
      46
      40
      39
      37
      52
      33
      44
      42
      39
      43
      32
      36
      20
      33
      43
      44
      32
      34
      39
      38
      44
      36
      31
      30
      30
      35
      38
      36
      37
      47
      41
      25
      44
      43
      32
      35
      38
      40
      39
      35
      39
      43
      36
      34
      49
      39
      44
      41
      32
      14
$ROI:
0
$PRESETS:
None
0
0
$ENER_FIT:
0.000000 0.000000
$MCA_CAL:
3
0.000000E+000 0.000000E+000 0.000000E+000 
$SHAPE_CAL:
3
0.000000E+000 0.000000E+000 0.000000E+000
