#Enddruck=7.1e-3, in hPa
# 1:Zeit,   2-4:pG=0.5,           5-7:pG=10,              8-10:pG=50,            11-13:pG=100
0         0.49  0.5   0.5     10.0  10.1  10.1        50.0   49.9   49.9       100.1  100.0  100.2
5         1.4   1.5   1.5     17.8  17.7  17.8        66.1   67.5   66.2       131.2  128.7  129.7
10        1.7   1.7   1.7     19.7  19.2  19.7        74.9   76.2   75.0       148.3  145.9  146.8
20        1.8   1.8   1.9     23.4  23.4  23.5        92.4   93.7   92.6       182.2  179.9  180.8
30        1.9   1.9   2.0     27.1  26.8  27.2        110.0  111.3  110.1      214.8  212.4  213.4
40        2.0   2.0   2.0     30.8  30.6  31.0        127.5  128.8  127.6      248.1  246.4  247.4
50        2.1   2.1   2.1     34.6  34.3  34.7        145.0  146.3  145.1      282.6  280.4  281.3
60        2.2   2.2   2.2     38.4  38.1  38.4        162.5  163.7  162.5      316.5  314.2  315.2
70        2.3   2.3   2.3     42.1  42.1  42.2        180.0  181.3  180.1      350.5  348.2  349.2
80        2.4   2.4   2.5     45.9  45.5  45.9        197.3  198.8  197.6      384.3  382.0  383.2
90        2.5   2.6   2.6     49.7  49.3  49.8        214.2  215.5  214.2      417.8  415.7  416.8
100       2.6   2.7   2.7     53.4  53.4  53.7        231.7  233.0  237.7      451.3  449.1  450.2
110       2.7   2.8   2.8     57.1  56.8  57.1        251.1  250.6  251.1      
120       2.8   2.9   2.9     60.9  60.4  60.9        268.6  268.0  266.8      
130       2.9   2.9   3.0     64.6  64.2  64.6        286.1  287.5  286.1      
140       3.0   3.0   3.1     68.4  68.4  68.5        303.6  303.2  303.6      
150       3.1   3.1   3.1     72.1  71.7  72.2        321.1  320.7  319.4      
160       3.2   3.2   3.2     75.8  75.9  75.9        338.7  338.4  338.7      
170       3.3   3.3   3.3     79.6  79.7  79.6        356.2  355.8  356.2      
180       3.4   3.4   3.5     83.4  83.5  83.4        373.7  373.3  373.7      
190       3.5   3.6   3.6     87.0  87.1  87.1        391.1  390.7  391.0      
200       3.6   3.7   3.7     90.7  90.5  90.9        408.5  408.0  408.5      